218,242,1111,767,384,311,1,-1,-1,-1
219,242,1106,725,379,308,1,-1,-1,-1
220,242,1106,705,371,305,1,-1,-1,-1
221,242,1096,667,374,289,1,-1,-1,-1
222,242,1096,645,362,295,1,-1,-1,-1
223,242,1090,629,359,288,1,-1,-1,-1
224,242,1075,591,372,291,1,-1,-1,-1
225,242,1062,576,358,278,1,-1,-1,-1
226,242,1054,561,349,276,1,-1,-1,-1
227,242,1041,531,348,265,1,-1,-1,-1
228,242,1032,513,341,265,1,-1,-1,-1
229,242,994,500,364,256,1,-1,-1,-1
230,242,1017,473,339,255,1,-1,-1,-1
231,242,999,463,329,247,1,-1,-1,-1
232,242,992,448,322,243,1,-1,-1,-1
233,242,983,434,312,242,1,-1,-1,-1
234,242,971,411,312,238,1,-1,-1,-1
235,242,970,407,299,228,1,-1,-1,-1
236,242,953,398,296,221,1,-1,-1,-1
237,242,953,385,285,218,1,-1,-1,-1
238,242,950,373,275,217,1,-1,-1,-1
239,242,944,366,268,215,1,-1,-1,-1
240,242,936,342,263,223,1,-1,-1,-1
241,242,935,337,255,217,1,-1,-1,-1
242,242,932,331,252,211,1,-1,-1,-1
243,242,926,323,251,207,1,-1,-1,-1
244,242,923,315,247,205,1,-1,-1,-1
245,242,914,313,256,186,1,-1,-1,-1
246,242,914,307,250,184,1,-1,-1,-1
247,242,914,293,247,181,1,-1,-1,-1
248,242,913,287,230,187,1,-1,-1,-1
249,242,914,281,223,184,1,-1,-1,-1
250,242,914,276,219,177,1,-1,-1,-1
251,242,912,273,218,173,1,-1,-1,-1
252,242,908,260,217,171,1,-1,-1,-1
253,242,908,254,212,175,1,-1,-1,-1
254,242,908,251,208,170,1,-1,-1,-1
255,242,904,248,209,164,1,-1,-1,-1
256,242,901,245,209,160,1,-1,-1,-1
257,242,899,244,207,157,1,-1,-1,-1
258,242,903,228,197,166,1,-1,-1,-1
259,242,903,221,194,169,1,-1,-1,-1
260,242,894,218,195,165,1,-1,-1,-1
261,242,892,216,194,158,1,-1,-1,-1
262,242,889,215,195,153,1,-1,-1,-1
263,242,885,214,196,148,1,-1,-1,-1
264,242,884,216,192,140,1,-1,-1,-1
265,242,884,202,188,141,1,-1,-1,-1
266,242,880,196,188,145,1,-1,-1,-1
267,242,876,191,189,147,1,-1,-1,-1
268,242,874,188,187,142,1,-1,-1,-1
269,242,873,187,186,137,1,-1,-1,-1
270,242,873,185,182,135,1,-1,-1,-1
271,242,874,184,178,133,1,-1,-1,-1
272,242,878,175,168,124,1,-1,-1,-1
273,242,878,170,167,128,1,-1,-1,-1
274,242,872,165,171,130,1,-1,-1,-1
275,242,871,161,172,133,1,-1,-1,-1
276,242,870,156,172,135,1,-1,-1,-1
277,242,869,154,172,135,1,-1,-1,-1
278,242,868,154,171,132,1,-1,-1,-1
279,242,867,153,171,130,1,-1,-1,-1
280,242,865,151,169,131,1,-1,-1,-1
281,242,865,148,165,134,1,-1,-1,-1
282,242,866,145,160,136,1,-1,-1,-1
283,242,867,144,155,135,1,-1,-1,-1
284,242,863,140,160,126,1,-1,-1,-1
285,242,862,138,160,127,1,-1,-1,-1
286,242,861,137,159,126,1,-1,-1,-1
287,242,861,136,157,124,1,-1,-1,-1
288,242,861,135,154,120,1,-1,-1,-1
289,242,860,133,153,118,1,-1,-1,-1
290,242,859,132,150,115,1,-1,-1,-1
291,242,859,129,148,115,1,-1,-1,-1
292,242,859,126,144,116,1,-1,-1,-1
293,242,859,124,142,117,1,-1,-1,-1
294,242,859,121,139,120,1,-1,-1,-1
295,242,859,119,137,121,1,-1,-1,-1
296,242,860,116,134,124,1,-1,-1,-1
297,242,858,113,134,123,1,-1,-1,-1
298,242,857,111,135,123,1,-1,-1,-1
299,242,855,109,135,122,1,-1,-1,-1
300,242,854,106,135,122,1,-1,-1,-1
301,242,852,104,136,121,1,-1,-1,-1
302,242,851,102,136,121,1,-1,-1,-1
303,242,849,99,136,120,1,-1,-1,-1
304,242,848,97,137,120,1,-1,-1,-1
305,242,846,95,137,119,1,-1,-1,-1
306,242,845,93,137,118,1,-1,-1,-1
307,242,843,90,138,118,1,-1,-1,-1
308,242,842,88,138,117,1,-1,-1,-1
309,242,840,86,138,117,1,-1,-1,-1
310,242,839,83,139,116,1,-1,-1,-1
311,242,837,81,139,116,1,-1,-1,-1
312,242,836,79,139,115,1,-1,-1,-1
313,242,835,77,140,115,1,-1,-1,-1
314,242,834,75,139,114,1,-1,-1,-1
315,242,833,74,138,114,1,-1,-1,-1
316,242,832,73,137,113,1,-1,-1,-1
317,242,832,72,136,113,1,-1,-1,-1
318,242,831,71,135,112,1,-1,-1,-1
319,242,830,70,134,112,1,-1,-1,-1
320,242,830,69,133,111,1,-1,-1,-1
321,242,829,68,132,111,1,-1,-1,-1
322,242,828,67,131,111,1,-1,-1,-1
323,242,828,66,130,110,1,-1,-1,-1
324,242,827,65,129,110,1,-1,-1,-1
325,242,826,64,128,109,1,-1,-1,-1
326,242,826,63,127,109,1,-1,-1,-1
416,243,695,63,126,109,1,-1,-1,-1
417,243,694,63,127,110,1,-1,-1,-1
418,243,694,63,127,110,1,-1,-1,-1
419,243,694,63,128,111,1,-1,-1,-1
420,243,694,63,129,112,1,-1,-1,-1
420,246,1323,120,283,158,1,-1,-1,-1
421,243,694,63,129,112,1,-1,-1,-1
421,246,1318,120,284,157,1,-1,-1,-1
422,243,694,63,130,113,1,-1,-1,-1
422,246,1314,120,285,157,1,-1,-1,-1
423,243,694,63,131,114,1,-1,-1,-1
423,246,1310,121,286,157,1,-1,-1,-1
424,243,693,63,131,114,1,-1,-1,-1
424,246,1305,121,287,157,1,-1,-1,-1
425,243,692,64,132,114,1,-1,-1,-1
425,246,1301,122,289,157,1,-1,-1,-1
426,243,691,65,133,115,1,-1,-1,-1
426,246,1297,122,290,157,1,-1,-1,-1
427,243,691,66,134,115,1,-1,-1,-1
427,246,1292,123,291,157,1,-1,-1,-1
428,243,690,67,135,115,1,-1,-1,-1
428,246,1288,123,292,157,1,-1,-1,-1
429,243,689,67,135,116,1,-1,-1,-1
429,246,1284,124,294,157,1,-1,-1,-1
430,243,689,68,136,116,1,-1,-1,-1
430,246,1284,124,292,159,1,-1,-1,-1
431,243,688,69,137,117,1,-1,-1,-1
431,246,1284,124,290,161,1,-1,-1,-1
432,243,687,70,138,117,1,-1,-1,-1
432,246,1285,124,288,163,1,-1,-1,-1
433,243,686,71,139,117,1,-1,-1,-1
433,246,1285,124,288,163,1,-1,-1,-1
434,243,686,71,139,118,1,-1,-1,-1
434,246,1285,124,288,163,1,-1,-1,-1
435,243,685,72,140,118,1,-1,-1,-1
435,246,1285,124,288,163,1,-1,-1,-1
436,243,684,73,141,118,1,-1,-1,-1
436,246,1285,124,288,163,1,-1,-1,-1
437,243,684,74,142,119,1,-1,-1,-1
437,246,1285,124,288,163,1,-1,-1,-1
438,243,683,75,143,119,1,-1,-1,-1
438,246,1285,124,288,163,1,-1,-1,-1
439,243,682,75,143,120,1,-1,-1,-1
439,246,1285,124,288,163,1,-1,-1,-1
440,243,681,76,144,120,1,-1,-1,-1
440,246,1285,124,288,163,1,-1,-1,-1
441,243,681,77,145,120,1,-1,-1,-1
441,246,1285,124,288,163,1,-1,-1,-1
442,243,680,78,146,121,1,-1,-1,-1
442,246,1285,124,288,163,1,-1,-1,-1
443,243,679,79,147,121,1,-1,-1,-1
443,246,1285,124,288,163,1,-1,-1,-1
444,243,679,80,148,122,1,-1,-1,-1
444,246,1285,124,288,163,1,-1,-1,-1
445,243,678,81,147,121,1,-1,-1,-1
445,246,1285,124,288,163,1,-1,-1,-1
446,243,678,83,146,121,1,-1,-1,-1
446,246,1285,124,288,163,1,-1,-1,-1
447,243,677,85,145,121,1,-1,-1,-1
447,246,1285,124,288,163,1,-1,-1,-1
448,243,677,87,144,120,1,-1,-1,-1
448,246,1285,124,288,163,1,-1,-1,-1
449,243,677,89,143,120,1,-1,-1,-1
449,246,1285,124,288,163,1,-1,-1,-1
450,243,676,91,142,120,1,-1,-1,-1
450,246,1285,124,288,163,1,-1,-1,-1
451,243,676,93,141,119,1,-1,-1,-1
451,246,1285,124,288,163,1,-1,-1,-1
452,243,676,95,140,119,1,-1,-1,-1
452,246,1285,124,288,163,1,-1,-1,-1
453,243,675,97,140,119,1,-1,-1,-1
453,246,1285,124,288,163,1,-1,-1,-1
454,243,675,99,139,119,1,-1,-1,-1
454,246,1285,124,288,163,1,-1,-1,-1
455,243,675,101,138,118,1,-1,-1,-1
455,246,1285,124,288,163,1,-1,-1,-1
456,243,674,103,137,118,1,-1,-1,-1
456,246,1285,124,288,163,1,-1,-1,-1
457,243,673,101,138,121,1,-1,-1,-1
457,246,1285,124,288,163,1,-1,-1,-1
458,243,672,104,139,119,1,-1,-1,-1
458,246,1285,124,288,163,1,-1,-1,-1
459,243,671,106,141,117,1,-1,-1,-1
459,246,1285,124,288,163,1,-1,-1,-1
460,243,671,114,137,119,1,-1,-1,-1
460,246,1285,124,288,163,1,-1,-1,-1
461,243,671,115,138,119,1,-1,-1,-1
461,246,1285,124,288,163,1,-1,-1,-1
462,243,671,116,138,119,1,-1,-1,-1
462,246,1285,124,288,163,1,-1,-1,-1
463,243,664,117,145,123,1,-1,-1,-1
463,246,1285,124,288,163,1,-1,-1,-1
464,243,663,119,146,124,1,-1,-1,-1
464,246,1285,124,288,163,1,-1,-1,-1
465,243,667,123,146,118,1,-1,-1,-1
465,244,678,57,131,111,1,-1,-1,-1
465,246,1285,124,288,163,1,-1,-1,-1
466,243,666,125,148,117,1,-1,-1,-1
466,244,678,58,131,111,1,-1,-1,-1
466,246,1285,124,288,163,1,-1,-1,-1
467,243,662,123,149,125,1,-1,-1,-1
467,244,679,59,131,111,1,-1,-1,-1
467,246,1285,124,288,163,1,-1,-1,-1
468,243,661,125,150,123,1,-1,-1,-1
468,244,679,59,132,111,1,-1,-1,-1
468,246,1285,124,288,163,1,-1,-1,-1
469,243,661,127,150,124,1,-1,-1,-1
469,244,679,60,132,111,1,-1,-1,-1
469,246,1285,124,288,163,1,-1,-1,-1
470,243,661,129,151,124,1,-1,-1,-1
470,244,680,61,132,111,1,-1,-1,-1
470,246,1285,124,288,163,1,-1,-1,-1
471,243,659,130,153,127,1,-1,-1,-1
471,244,680,62,132,111,1,-1,-1,-1
471,246,1285,124,288,163,1,-1,-1,-1
472,243,658,130,155,131,1,-1,-1,-1
472,244,681,63,132,111,1,-1,-1,-1
472,246,1285,124,288,163,1,-1,-1,-1
473,243,657,130,156,134,1,-1,-1,-1
473,244,681,64,133,111,1,-1,-1,-1
473,246,1285,124,288,163,1,-1,-1,-1
474,243,657,131,156,136,1,-1,-1,-1
474,244,681,64,133,111,1,-1,-1,-1
474,246,1285,124,288,163,1,-1,-1,-1
475,243,657,133,155,134,1,-1,-1,-1
475,244,682,65,133,111,1,-1,-1,-1
475,246,1285,124,288,163,1,-1,-1,-1
476,243,657,135,155,132,1,-1,-1,-1
476,244,682,66,133,111,1,-1,-1,-1
476,246,1285,124,288,163,1,-1,-1,-1
477,243,658,145,153,134,1,-1,-1,-1
477,244,683,67,133,112,1,-1,-1,-1
477,246,1285,124,288,163,1,-1,-1,-1
478,243,657,145,155,135,1,-1,-1,-1
478,244,683,68,134,112,1,-1,-1,-1
478,246,1285,124,288,163,1,-1,-1,-1
479,243,656,146,158,136,1,-1,-1,-1
479,244,684,68,134,112,1,-1,-1,-1
479,246,1285,124,288,163,1,-1,-1,-1
480,243,654,149,163,134,1,-1,-1,-1
480,244,683,70,135,110,1,-1,-1,-1
480,246,1285,124,288,163,1,-1,-1,-1
481,243,652,152,167,134,1,-1,-1,-1
481,244,683,71,135,110,1,-1,-1,-1
481,246,1285,124,288,163,1,-1,-1,-1
482,243,649,155,172,133,1,-1,-1,-1
482,244,684,73,134,109,1,-1,-1,-1
482,246,1285,124,288,163,1,-1,-1,-1
483,243,647,156,176,135,1,-1,-1,-1
483,244,685,74,134,110,1,-1,-1,-1
483,246,1285,124,288,163,1,-1,-1,-1
484,243,645,159,178,137,1,-1,-1,-1
484,244,685,75,134,110,1,-1,-1,-1
484,246,1285,124,288,163,1,-1,-1,-1
485,243,645,160,178,139,1,-1,-1,-1
485,244,685,76,133,109,1,-1,-1,-1
485,246,1285,124,288,163,1,-1,-1,-1
486,243,645,162,178,141,1,-1,-1,-1
486,244,685,76,133,110,1,-1,-1,-1
486,246,1285,124,288,163,1,-1,-1,-1
487,243,645,163,177,142,1,-1,-1,-1
487,244,686,76,131,111,1,-1,-1,-1
487,246,1285,124,288,163,1,-1,-1,-1
488,243,644,164,178,144,1,-1,-1,-1
488,244,686,75,132,114,1,-1,-1,-1
488,246,1285,124,288,163,1,-1,-1,-1
489,243,643,166,177,143,1,-1,-1,-1
489,244,686,75,131,114,1,-1,-1,-1
489,246,1285,124,288,163,1,-1,-1,-1
490,243,642,179,179,141,1,-1,-1,-1
490,244,680,80,139,115,1,-1,-1,-1
490,246,1285,124,288,163,1,-1,-1,-1
491,243,643,178,178,145,1,-1,-1,-1
491,244,680,80,140,117,1,-1,-1,-1
491,246,1285,124,288,163,1,-1,-1,-1
492,243,642,177,180,149,1,-1,-1,-1
492,244,678,81,143,119,1,-1,-1,-1
492,246,1285,124,288,163,1,-1,-1,-1
493,243,640,178,184,153,1,-1,-1,-1
493,244,677,82,144,121,1,-1,-1,-1
493,246,1285,124,288,163,1,-1,-1,-1
494,243,636,180,189,155,1,-1,-1,-1
494,244,676,84,145,122,1,-1,-1,-1
494,246,1285,124,288,163,1,-1,-1,-1
495,243,634,183,192,156,1,-1,-1,-1
495,244,676,86,145,122,1,-1,-1,-1
495,246,1285,124,288,163,1,-1,-1,-1
496,243,633,184,193,160,1,-1,-1,-1
496,244,678,84,139,129,1,-1,-1,-1
496,246,1285,124,288,163,1,-1,-1,-1
497,243,633,187,193,163,1,-1,-1,-1
497,244,676,87,140,126,1,-1,-1,-1
497,246,1285,124,288,163,1,-1,-1,-1
498,243,632,188,193,167,1,-1,-1,-1
498,244,676,87,139,127,1,-1,-1,-1
498,246,1285,124,288,163,1,-1,-1,-1
499,243,631,191,193,166,1,-1,-1,-1
499,244,675,88,139,127,1,-1,-1,-1
499,246,1285,124,288,163,1,-1,-1,-1
500,243,631,195,193,159,1,-1,-1,-1
500,244,674,90,140,128,1,-1,-1,-1
500,246,1285,124,288,163,1,-1,-1,-1
501,243,628,210,199,156,1,-1,-1,-1
501,244,673,93,141,126,1,-1,-1,-1
501,246,1285,124,288,163,1,-1,-1,-1
502,243,627,212,199,158,1,-1,-1,-1
502,244,671,96,141,124,1,-1,-1,-1
502,246,1285,124,288,163,1,-1,-1,-1
503,243,626,213,201,162,1,-1,-1,-1
503,244,671,98,141,124,1,-1,-1,-1
503,246,1285,124,288,163,1,-1,-1,-1
504,243,626,214,201,165,1,-1,-1,-1
504,244,670,102,141,123,1,-1,-1,-1
504,246,1285,124,288,163,1,-1,-1,-1
505,243,625,215,202,170,1,-1,-1,-1
505,244,669,104,143,122,1,-1,-1,-1
505,246,1285,124,288,163,1,-1,-1,-1
506,243,625,218,203,171,1,-1,-1,-1
506,244,670,106,142,122,1,-1,-1,-1
506,246,1285,124,288,163,1,-1,-1,-1
507,243,623,220,205,174,1,-1,-1,-1
507,244,669,106,144,123,1,-1,-1,-1
507,246,1285,124,288,163,1,-1,-1,-1
508,243,622,221,208,174,1,-1,-1,-1
508,244,665,109,141,130,1,-1,-1,-1
508,246,1285,124,288,163,1,-1,-1,-1
509,243,621,225,210,169,1,-1,-1,-1
509,244,666,110,141,131,1,-1,-1,-1
509,246,1285,124,288,163,1,-1,-1,-1
510,243,623,239,210,168,1,-1,-1,-1
510,244,665,109,141,133,1,-1,-1,-1
510,246,1285,124,288,163,1,-1,-1,-1
511,243,624,241,209,169,1,-1,-1,-1
511,244,665,111,141,134,1,-1,-1,-1
511,246,1285,124,288,163,1,-1,-1,-1
512,243,622,242,210,171,1,-1,-1,-1
512,244,665,113,142,135,1,-1,-1,-1
512,246,1285,124,288,163,1,-1,-1,-1
513,243,619,244,215,173,1,-1,-1,-1
513,244,663,116,143,133,1,-1,-1,-1
513,246,1285,124,288,163,1,-1,-1,-1
514,243,617,246,219,177,1,-1,-1,-1
514,244,663,118,144,133,1,-1,-1,-1
514,246,1285,124,288,163,1,-1,-1,-1
515,243,613,249,224,179,1,-1,-1,-1
515,244,662,121,146,132,1,-1,-1,-1
515,246,1285,124,288,163,1,-1,-1,-1
516,243,611,252,226,181,1,-1,-1,-1
516,244,660,123,148,132,1,-1,-1,-1
516,246,1285,124,288,163,1,-1,-1,-1
517,243,609,256,227,177,1,-1,-1,-1
517,244,657,125,153,132,1,-1,-1,-1
517,246,1285,124,288,163,1,-1,-1,-1
518,243,608,269,233,185,1,-1,-1,-1
518,244,654,127,158,133,1,-1,-1,-1
518,246,1285,124,288,163,1,-1,-1,-1
519,243,605,271,239,186,1,-1,-1,-1
519,244,652,127,161,134,1,-1,-1,-1
519,246,1285,124,288,163,1,-1,-1,-1
520,243,602,274,244,189,1,-1,-1,-1
520,244,650,130,163,134,1,-1,-1,-1
520,246,1285,124,288,163,1,-1,-1,-1
521,243,598,275,250,204,1,-1,-1,-1
521,244,651,132,162,135,1,-1,-1,-1
521,246,1285,124,288,163,1,-1,-1,-1
522,243,598,277,248,210,1,-1,-1,-1
522,244,651,135,163,134,1,-1,-1,-1
522,246,1285,124,288,163,1,-1,-1,-1
523,243,597,277,250,216,1,-1,-1,-1
523,244,653,143,159,135,1,-1,-1,-1
523,246,1285,124,288,163,1,-1,-1,-1
524,243,602,296,248,208,1,-1,-1,-1
524,244,652,144,160,137,1,-1,-1,-1
524,246,1285,124,288,163,1,-1,-1,-1
525,243,600,300,251,211,1,-1,-1,-1
525,244,651,146,162,138,1,-1,-1,-1
525,246,1281,124,288,162,1,-1,-1,-1
526,243,595,306,256,214,1,-1,-1,-1
526,244,650,148,163,137,1,-1,-1,-1
526,246,1277,125,288,162,1,-1,-1,-1
527,243,590,312,261,221,1,-1,-1,-1
527,244,648,151,167,136,1,-1,-1,-1
527,246,1273,125,288,161,1,-1,-1,-1
528,243,585,319,267,228,1,-1,-1,-1
528,244,647,153,169,137,1,-1,-1,-1
528,246,1269,126,288,161,1,-1,-1,-1
529,243,583,327,269,234,1,-1,-1,-1
529,244,645,156,174,139,1,-1,-1,-1
529,246,1265,127,288,161,1,-1,-1,-1
530,243,581,333,271,239,1,-1,-1,-1
530,244,644,157,177,142,1,-1,-1,-1
530,246,1261,127,288,160,1,-1,-1,-1
531,243,578,358,275,229,1,-1,-1,-1
531,244,644,160,177,145,1,-1,-1,-1
531,246,1257,128,288,160,1,-1,-1,-1
532,243,575,362,278,232,1,-1,-1,-1
532,244,645,160,176,151,1,-1,-1,-1
532,246,1253,129,288,160,1,-1,-1,-1
533,243,573,370,280,234,1,-1,-1,-1
533,244,645,162,176,151,1,-1,-1,-1
533,246,1249,129,288,159,1,-1,-1,-1
534,243,569,378,285,238,1,-1,-1,-1
534,244,645,165,176,149,1,-1,-1,-1
534,246,1245,130,288,159,1,-1,-1,-1
535,243,567,386,288,243,1,-1,-1,-1
535,244,645,176,177,147,1,-1,-1,-1
535,246,1241,131,288,159,1,-1,-1,-1
536,243,562,394,294,252,1,-1,-1,-1
536,244,645,175,178,150,1,-1,-1,-1
536,246,1237,131,288,158,1,-1,-1,-1
537,243,555,400,301,260,1,-1,-1,-1
537,244,644,176,179,151,1,-1,-1,-1
537,246,1233,132,288,158,1,-1,-1,-1
538,243,548,423,310,252,1,-1,-1,-1
538,244,643,179,180,152,1,-1,-1,-1
538,246,1229,133,288,158,1,-1,-1,-1
539,243,544,433,317,251,1,-1,-1,-1
539,244,642,181,182,154,1,-1,-1,-1
539,246,1225,133,288,157,1,-1,-1,-1
540,243,541,445,321,252,1,-1,-1,-1
540,244,642,184,183,157,1,-1,-1,-1
540,246,1221,134,288,157,1,-1,-1,-1
541,243,538,454,322,264,1,-1,-1,-1
541,244,641,188,185,161,1,-1,-1,-1
541,246,1217,135,288,157,1,-1,-1,-1
542,243,533,462,325,274,1,-1,-1,-1
542,244,641,191,187,167,1,-1,-1,-1
542,246,1213,135,288,156,1,-1,-1,-1
543,243,527,480,326,280,1,-1,-1,-1
543,244,641,193,187,168,1,-1,-1,-1
543,246,1209,136,288,156,1,-1,-1,-1
544,243,519,490,332,280,1,-1,-1,-1
544,244,644,195,195,165,1,-1,-1,-1
544,246,1206,137,289,156,1,-1,-1,-1
545,243,512,505,337,284,1,-1,-1,-1
545,244,637,202,197,170,1,-1,-1,-1
545,246,1192,138,286,155,1,-1,-1,-1
546,243,503,519,344,293,1,-1,-1,-1
546,244,641,201,200,175,1,-1,-1,-1
546,246,1179,140,284,155,1,-1,-1,-1
547,243,499,546,348,299,1,-1,-1,-1
547,244,641,205,200,173,1,-1,-1,-1
547,246,1165,141,282,154,1,-1,-1,-1
548,243,482,558,348,297,1,-1,-1,-1
548,244,640,209,202,173,1,-1,-1,-1
548,246,1152,143,280,154,1,-1,-1,-1
549,243,474,573,349,306,1,-1,-1,-1
549,244,640,213,204,174,1,-1,-1,-1
549,246,1138,144,277,153,1,-1,-1,-1
550,243,464,585,355,320,1,-1,-1,-1
550,244,640,217,206,177,1,-1,-1,-1
550,246,1125,146,275,153,1,-1,-1,-1
551,243,449,614,360,320,1,-1,-1,-1
551,244,639,221,208,176,1,-1,-1,-1
551,246,1111,148,273,152,1,-1,-1,-1
552,243,436,630,367,323,1,-1,-1,-1
552,244,640,224,208,175,1,-1,-1,-1
552,246,1098,149,271,152,1,-1,-1,-1
553,243,423,650,374,323,1,-1,-1,-1
553,244,637,233,210,179,1,-1,-1,-1
553,246,1084,151,269,152,1,-1,-1,-1
554,243,408,682,385,338,1,-1,-1,-1
554,244,636,232,213,183,1,-1,-1,-1
554,246,1071,152,266,151,1,-1,-1,-1
555,243,383,705,387,333,1,-1,-1,-1
555,244,632,233,221,186,1,-1,-1,-1
555,246,1062,153,268,154,1,-1,-1,-1
556,243,357,722,425,341,1,-1,-1,-1
556,244,630,236,225,189,1,-1,-1,-1
556,246,1041,154,253,155,1,-1,-1,-1
557,244,629,240,228,191,1,-1,-1,-1
557,246,1027,155,266,156,1,-1,-1,-1
558,244,629,246,229,191,1,-1,-1,-1
558,246,1000,158,259,154,1,-1,-1,-1
559,244,629,251,230,190,1,-1,-1,-1
559,246,987,159,268,155,1,-1,-1,-1
560,244,620,252,231,200,1,-1,-1,-1
560,246,972,159,252,157,1,-1,-1,-1
561,244,626,255,233,210,1,-1,-1,-1
561,246,957,162,263,154,1,-1,-1,-1
562,244,626,261,233,212,1,-1,-1,-1
562,246,938,164,243,150,1,-1,-1,-1
563,244,626,267,232,215,1,-1,-1,-1
563,246,922,165,259,150,1,-1,-1,-1
564,244,626,273,233,220,1,-1,-1,-1
564,246,899,166,250,147,1,-1,-1,-1
565,244,619,295,248,207,1,-1,-1,-1
565,246,892,171,247,155,1,-1,-1,-1
566,244,617,300,251,209,1,-1,-1,-1
566,246,889,171,234,155,1,-1,-1,-1
567,244,616,309,255,211,1,-1,-1,-1
567,246,864,175,234,154,1,-1,-1,-1
568,244,613,318,261,214,1,-1,-1,-1
568,246,857,173,230,158,1,-1,-1,-1
569,244,610,325,267,220,1,-1,-1,-1
569,246,831,175,232,157,1,-1,-1,-1
570,244,609,331,268,229,1,-1,-1,-1
570,246,823,173,228,163,1,-1,-1,-1
571,244,609,336,268,236,1,-1,-1,-1
571,246,800,177,224,160,1,-1,-1,-1
572,244,596,362,278,222,1,-1,-1,-1
572,246,792,175,223,165,1,-1,-1,-1
573,244,596,370,277,224,1,-1,-1,-1
573,246,784,178,223,164,1,-1,-1,-1
574,244,592,381,283,227,1,-1,-1,-1
574,246,759,181,225,166,1,-1,-1,-1
575,244,586,392,291,230,1,-1,-1,-1
575,246,751,185,223,166,1,-1,-1,-1
576,244,583,401,295,237,1,-1,-1,-1
576,246,727,188,227,167,1,-1,-1,-1
577,244,579,405,301,248,1,-1,-1,-1
577,246,719,189,230,172,1,-1,-1,-1
578,244,573,427,310,245,1,-1,-1,-1
578,246,710,190,230,173,1,-1,-1,-1
579,244,568,437,313,247,1,-1,-1,-1
579,246,694,194,221,168,1,-1,-1,-1
580,244,559,451,317,249,1,-1,-1,-1
580,246,688,200,220,173,1,-1,-1,-1
581,244,550,463,325,258,1,-1,-1,-1
581,246,681,200,217,176,1,-1,-1,-1
582,244,536,468,338,270,1,-1,-1,-1
582,246,674,200,218,180,1,-1,-1,-1
583,244,530,493,337,268,1,-1,-1,-1
583,246,664,207,208,174,1,-1,-1,-1
584,244,521,506,343,271,1,-1,-1,-1
584,246,659,211,208,173,1,-1,-1,-1
585,244,509,519,352,282,1,-1,-1,-1
585,246,649,214,215,176,1,-1,-1,-1
586,244,500,529,357,292,1,-1,-1,-1
586,246,640,217,221,178,1,-1,-1,-1
587,244,493,555,359,300,1,-1,-1,-1
587,246,632,219,225,181,1,-1,-1,-1
588,244,473,580,364,298,1,-1,-1,-1
588,246,621,223,224,179,1,-1,-1,-1
589,244,464,593,368,308,1,-1,-1,-1
589,246,619,224,222,178,1,-1,-1,-1
590,244,450,626,365,305,1,-1,-1,-1
590,246,618,233,219,181,1,-1,-1,-1
591,244,434,643,372,308,1,-1,-1,-1
591,246,616,236,216,180,1,-1,-1,-1
592,244,405,645,411,364,1,-1,-1,-1
592,246,613,236,216,183,1,-1,-1,-1
593,244,395,668,416,363,1,-1,-1,-1
593,246,607,240,222,187,1,-1,-1,-1
594,244,372,715,403,326,1,-1,-1,-1
594,246,600,243,231,191,1,-1,-1,-1
595,244,346,729,432,333,1,-1,-1,-1
595,246,594,247,238,193,1,-1,-1,-1
596,246,589,244,246,208,1,-1,-1,-1
597,246,587,250,248,210,1,-1,-1,-1
598,246,584,255,247,213,1,-1,-1,-1
599,246,581,260,248,217,1,-1,-1,-1
600,246,577,265,249,221,1,-1,-1,-1
601,246,573,270,253,225,1,-1,-1,-1
602,246,570,272,256,228,1,-1,-1,-1
603,246,573,294,252,213,1,-1,-1,-1
604,246,569,301,259,217,1,-1,-1,-1
605,246,564,309,268,220,1,-1,-1,-1
606,246,559,318,274,225,1,-1,-1,-1
607,246,555,327,277,230,1,-1,-1,-1
608,246,551,332,278,237,1,-1,-1,-1
609,246,546,336,281,244,1,-1,-1,-1
610,246,542,355,282,239,1,-1,-1,-1
611,246,537,365,287,238,1,-1,-1,-1
612,246,533,375,290,239,1,-1,-1,-1
613,246,529,386,294,241,1,-1,-1,-1
614,246,523,394,301,250,1,-1,-1,-1
615,246,517,399,310,261,1,-1,-1,-1
616,246,513,420,316,262,1,-1,-1,-1
617,246,501,433,316,252,1,-1,-1,-1
618,246,495,449,322,252,1,-1,-1,-1
619,246,489,460,325,259,1,-1,-1,-1
620,246,481,466,334,273,1,-1,-1,-1
621,246,469,485,339,278,1,-1,-1,-1
622,246,462,496,341,283,1,-1,-1,-1
623,246,452,511,351,292,1,-1,-1,-1
624,246,445,522,359,302,1,-1,-1,-1
625,246,435,546,356,309,1,-1,-1,-1
626,246,425,559,361,315,1,-1,-1,-1
627,246,397,580,376,318,1,-1,-1,-1
628,246,403,609,386,318,1,-1,-1,-1
629,246,381,626,384,317,1,-1,-1,-1
630,246,367,646,390,318,1,-1,-1,-1
631,246,347,653,413,371,1,-1,-1,-1
632,246,333,693,405,335,1,-1,-1,-1
633,246,304,709,441,354,1,-1,-1,-1
634,246,271,750,460,328,1,-1,-1,-1
707,245,977,673,448,405,1,-1,-1,-1
708,245,984,654,440,424,1,-1,-1,-1
709,245,990,636,433,442,1,-1,-1,-1
710,245,994,619,427,458,1,-1,-1,-1
711,245,995,605,424,447,1,-1,-1,-1
712,245,993,590,426,437,1,-1,-1,-1
713,245,991,578,426,424,1,-1,-1,-1
714,245,1004,566,404,424,1,-1,-1,-1
715,245,993,545,406,398,1,-1,-1,-1
716,245,989,536,407,398,1,-1,-1,-1
717,245,984,522,412,398,1,-1,-1,-1
718,245,983,506,410,400,1,-1,-1,-1
719,245,978,483,388,409,1,-1,-1,-1
720,245,984,468,374,398,1,-1,-1,-1
721,245,982,459,374,391,1,-1,-1,-1
722,245,972,460,385,355,1,-1,-1,-1
723,245,971,453,379,353,1,-1,-1,-1
724,245,965,451,377,348,1,-1,-1,-1
725,245,955,430,372,338,1,-1,-1,-1
726,245,951,421,368,341,1,-1,-1,-1
727,245,948,411,363,339,1,-1,-1,-1
728,245,943,399,361,340,1,-1,-1,-1
729,245,937,390,362,339,1,-1,-1,-1
730,245,908,385,386,334,1,-1,-1,-1
731,245,910,383,378,332,1,-1,-1,-1
732,245,911,356,366,339,1,-1,-1,-1
733,245,911,352,356,332,1,-1,-1,-1
734,245,910,346,347,324,1,-1,-1,-1
735,245,905,341,344,316,1,-1,-1,-1
736,245,899,333,344,313,1,-1,-1,-1
737,245,895,328,342,308,1,-1,-1,-1
738,245,892,323,337,306,1,-1,-1,-1
739,245,886,314,338,285,1,-1,-1,-1
740,245,885,309,331,285,1,-1,-1,-1
741,245,884,303,325,283,1,-1,-1,-1
742,245,885,297,316,279,1,-1,-1,-1
743,245,887,293,308,272,1,-1,-1,-1
744,245,889,288,302,271,1,-1,-1,-1
745,245,874,283,306,266,1,-1,-1,-1
746,245,872,277,306,266,1,-1,-1,-1
747,245,870,270,306,266,1,-1,-1,-1
748,245,870,267,303,266,1,-1,-1,-1
749,245,871,256,294,254,1,-1,-1,-1
750,245,874,254,286,250,1,-1,-1,-1
751,245,873,252,281,247,1,-1,-1,-1
752,245,871,248,277,246,1,-1,-1,-1
753,245,869,245,276,245,1,-1,-1,-1
754,245,868,242,274,241,1,-1,-1,-1
755,245,865,237,273,240,1,-1,-1,-1
756,245,860,234,273,238,1,-1,-1,-1
757,245,855,229,273,238,1,-1,-1,-1
758,245,854,226,270,234,1,-1,-1,-1
759,245,853,221,264,230,1,-1,-1,-1
760,245,854,218,256,226,1,-1,-1,-1
761,245,853,215,251,225,1,-1,-1,-1
762,245,852,214,249,224,1,-1,-1,-1
763,245,848,192,250,236,1,-1,-1,-1
764,245,847,192,248,231,1,-1,-1,-1
765,245,846,192,245,227,1,-1,-1,-1
766,245,846,192,239,222,1,-1,-1,-1
767,245,846,190,238,219,1,-1,-1,-1
768,245,833,186,244,219,1,-1,-1,-1
769,245,833,184,242,216,1,-1,-1,-1
770,245,833,181,241,213,1,-1,-1,-1
771,245,832,179,240,212,1,-1,-1,-1
772,245,832,176,238,211,1,-1,-1,-1
773,245,833,172,234,213,1,-1,-1,-1
774,245,833,170,232,211,1,-1,-1,-1
775,245,834,172,223,190,1,-1,-1,-1
776,245,835,170,219,191,1,-1,-1,-1
777,245,835,170,218,189,1,-1,-1,-1
778,245,835,168,217,188,1,-1,-1,-1
779,245,837,166,215,188,1,-1,-1,-1
780,245,838,164,212,189,1,-1,-1,-1
781,245,838,161,211,189,1,-1,-1,-1
782,245,839,157,211,191,1,-1,-1,-1
783,245,839,153,211,193,1,-1,-1,-1
784,245,837,146,212,179,1,-1,-1,-1
785,245,837,145,212,178,1,-1,-1,-1
786,245,839,145,207,175,1,-1,-1,-1
787,245,840,144,203,173,1,-1,-1,-1
788,245,841,143,199,172,1,-1,-1,-1
789,245,841,141,197,172,1,-1,-1,-1
790,245,841,138,196,173,1,-1,-1,-1
791,245,842,136,192,173,1,-1,-1,-1
792,245,842,134,190,174,1,-1,-1,-1
793,245,843,132,188,175,1,-1,-1,-1
794,245,843,131,188,173,1,-1,-1,-1
795,245,842,128,187,174,1,-1,-1,-1
796,245,842,128,186,173,1,-1,-1,-1
797,245,842,128,185,170,1,-1,-1,-1
798,245,843,128,184,168,1,-1,-1,-1
799,245,843,117,190,170,1,-1,-1,-1
800,245,843,115,189,173,1,-1,-1,-1
801,245,844,116,185,169,1,-1,-1,-1
802,245,844,114,183,169,1,-1,-1,-1
803,245,846,113,178,168,1,-1,-1,-1
804,245,845,111,178,166,1,-1,-1,-1
805,245,847,110,175,164,1,-1,-1,-1
806,245,846,111,175,157,1,-1,-1,-1
807,245,847,112,173,152,1,-1,-1,-1
808,245,847,110,172,151,1,-1,-1,-1
809,245,847,109,171,152,1,-1,-1,-1
810,245,848,104,170,155,1,-1,-1,-1
811,245,847,102,170,155,1,-1,-1,-1
812,245,847,99,169,156,1,-1,-1,-1
813,245,846,99,169,153,1,-1,-1,-1
814,245,846,99,167,152,1,-1,-1,-1
815,245,846,99,165,150,1,-1,-1,-1
816,245,848,94,164,141,1,-1,-1,-1
817,245,847,94,164,140,1,-1,-1,-1
818,245,847,93,161,140,1,-1,-1,-1
819,245,848,92,159,142,1,-1,-1,-1
820,245,847,91,159,142,1,-1,-1,-1
821,245,834,92,172,139,1,-1,-1,-1
822,245,834,90,172,138,1,-1,-1,-1
823,245,834,89,171,138,1,-1,-1,-1
824,245,834,87,169,138,1,-1,-1,-1
825,245,832,85,169,139,1,-1,-1,-1
826,245,830,83,171,140,1,-1,-1,-1
827,245,829,81,170,141,1,-1,-1,-1
828,245,828,79,170,141,1,-1,-1,-1
829,245,827,77,169,142,1,-1,-1,-1
830,245,826,76,169,142,1,-1,-1,-1
831,245,825,74,169,143,1,-1,-1,-1
832,245,824,72,168,143,1,-1,-1,-1
833,245,822,70,168,144,1,-1,-1,-1
834,245,821,68,167,144,1,-1,-1,-1
835,245,820,66,167,145,1,-1,-1,-1
836,245,819,65,166,145,1,-1,-1,-1
837,245,818,63,166,146,1,-1,-1,-1
838,245,817,61,165,146,1,-1,-1,-1
839,245,816,59,165,147,1,-1,-1,-1
840,245,814,57,165,147,1,-1,-1,-1
841,245,813,55,164,148,1,-1,-1,-1
842,245,812,54,164,148,1,-1,-1,-1
843,245,811,52,163,149,1,-1,-1,-1
844,245,810,50,163,149,1,-1,-1,-1
844,248,0,241,548,246,1,-1,-1,-1
845,245,809,48,162,150,1,-1,-1,-1
845,248,0,243,574,247,1,-1,-1,-1
846,245,808,46,162,150,1,-1,-1,-1
846,248,82,237,461,248,1,-1,-1,-1
847,245,807,45,162,151,1,-1,-1,-1
847,248,67,239,499,249,1,-1,-1,-1
848,245,806,44,161,150,1,-1,-1,-1
848,248,66,240,530,252,1,-1,-1,-1
849,245,805,44,160,149,1,-1,-1,-1
849,248,66,237,562,257,1,-1,-1,-1
850,245,805,44,160,148,1,-1,-1,-1
850,248,142,234,477,258,1,-1,-1,-1
851,245,804,43,159,147,1,-1,-1,-1
851,248,138,239,505,255,1,-1,-1,-1
852,245,803,43,158,147,1,-1,-1,-1
852,248,147,244,519,253,1,-1,-1,-1
853,245,803,43,158,146,1,-1,-1,-1
853,248,157,245,535,256,1,-1,-1,-1
854,245,802,42,157,145,1,-1,-1,-1
854,248,222,248,461,255,1,-1,-1,-1
855,245,802,42,156,144,1,-1,-1,-1
855,248,227,251,468,257,1,-1,-1,-1
856,245,801,42,156,143,1,-1,-1,-1
856,248,240,256,472,251,1,-1,-1,-1
857,245,800,41,155,143,1,-1,-1,-1
857,248,254,257,480,251,1,-1,-1,-1
858,245,800,41,154,142,1,-1,-1,-1
858,248,293,254,466,264,1,-1,-1,-1
859,245,799,41,154,141,1,-1,-1,-1
859,248,300,250,462,273,1,-1,-1,-1
860,245,798,40,153,140,1,-1,-1,-1
860,248,311,267,467,261,1,-1,-1,-1
861,245,798,40,152,139,1,-1,-1,-1
861,248,325,268,472,262,1,-1,-1,-1
862,245,797,40,152,139,1,-1,-1,-1
862,248,341,267,472,264,1,-1,-1,-1
863,245,797,39,151,138,1,-1,-1,-1
863,248,376,273,453,262,1,-1,-1,-1
864,245,796,39,150,137,1,-1,-1,-1
864,248,388,272,446,266,1,-1,-1,-1
865,245,795,39,150,136,1,-1,-1,-1
865,248,401,273,442,269,1,-1,-1,-1
866,245,795,38,149,135,1,-1,-1,-1
866,248,416,273,441,273,1,-1,-1,-1
867,245,794,38,148,135,1,-1,-1,-1
867,248,433,276,431,276,1,-1,-1,-1
868,245,793,38,148,134,1,-1,-1,-1
868,248,447,277,417,278,1,-1,-1,-1
869,245,793,37,147,133,1,-1,-1,-1
869,248,471,275,414,287,1,-1,-1,-1
870,245,792,37,146,132,1,-1,-1,-1
870,248,484,279,410,285,1,-1,-1,-1
871,245,792,37,146,132,1,-1,-1,-1
871,248,498,284,405,279,1,-1,-1,-1
872,245,791,37,145,131,1,-1,-1,-1
872,248,511,289,400,276,1,-1,-1,-1
873,245,790,37,145,130,1,-1,-1,-1
873,248,522,292,392,278,1,-1,-1,-1
874,245,789,37,144,130,1,-1,-1,-1
874,248,532,293,384,284,1,-1,-1,-1
875,245,788,38,144,129,1,-1,-1,-1
875,248,539,293,378,294,1,-1,-1,-1
876,245,787,38,144,129,1,-1,-1,-1
876,248,543,294,376,298,1,-1,-1,-1
877,245,786,38,143,128,1,-1,-1,-1
877,248,558,292,374,312,1,-1,-1,-1
878,245,785,39,143,128,1,-1,-1,-1
878,248,562,298,369,310,1,-1,-1,-1
879,245,784,39,142,127,1,-1,-1,-1
879,248,569,301,364,310,1,-1,-1,-1
880,245,783,39,142,127,1,-1,-1,-1
880,248,576,303,358,311,1,-1,-1,-1
881,245,782,40,142,126,1,-1,-1,-1
881,248,584,313,354,316,1,-1,-1,-1
882,245,781,40,141,125,1,-1,-1,-1
882,248,589,316,354,314,1,-1,-1,-1
883,245,780,40,141,125,1,-1,-1,-1
883,248,595,319,355,312,1,-1,-1,-1
884,245,779,41,141,124,1,-1,-1,-1
884,248,600,320,352,314,1,-1,-1,-1
885,245,778,41,140,124,1,-1,-1,-1
885,248,603,320,351,319,1,-1,-1,-1
886,245,777,41,140,123,1,-1,-1,-1
886,248,607,325,350,318,1,-1,-1,-1
887,245,776,41,139,123,1,-1,-1,-1
887,248,611,331,350,317,1,-1,-1,-1
888,245,775,42,139,122,1,-1,-1,-1
888,248,612,339,353,316,1,-1,-1,-1
889,245,774,42,139,122,1,-1,-1,-1
889,248,612,347,358,314,1,-1,-1,-1
890,245,773,42,138,121,1,-1,-1,-1
890,248,611,357,368,308,1,-1,-1,-1
891,245,772,43,138,120,1,-1,-1,-1
891,248,615,365,367,303,1,-1,-1,-1
892,245,771,43,138,120,1,-1,-1,-1
892,248,621,368,361,307,1,-1,-1,-1
893,245,770,43,137,119,1,-1,-1,-1
893,248,622,369,358,313,1,-1,-1,-1
894,245,769,44,137,119,1,-1,-1,-1
894,248,621,369,359,319,1,-1,-1,-1
895,245,768,44,136,118,1,-1,-1,-1
895,248,613,383,373,333,1,-1,-1,-1
896,245,767,44,136,118,1,-1,-1,-1
896,248,616,383,371,340,1,-1,-1,-1
897,245,766,45,136,117,1,-1,-1,-1
897,248,614,387,375,343,1,-1,-1,-1
898,245,765,45,135,117,1,-1,-1,-1
898,248,612,392,379,345,1,-1,-1,-1
899,245,764,45,135,116,1,-1,-1,-1
899,248,611,396,381,348,1,-1,-1,-1
900,245,763,46,135,116,1,-1,-1,-1
900,248,609,403,383,346,1,-1,-1,-1
901,245,762,46,134,115,1,-1,-1,-1
901,248,606,414,382,340,1,-1,-1,-1
902,245,761,47,134,114,1,-1,-1,-1
902,248,605,423,379,342,1,-1,-1,-1
903,245,761,48,133,113,1,-1,-1,-1
903,248,603,429,372,343,1,-1,-1,-1
904,245,760,49,133,112,1,-1,-1,-1
904,248,588,444,386,353,1,-1,-1,-1
905,245,760,50,132,112,1,-1,-1,-1
905,248,584,446,387,354,1,-1,-1,-1
906,245,759,50,132,111,1,-1,-1,-1
906,248,578,455,392,348,1,-1,-1,-1
907,245,759,51,131,110,1,-1,-1,-1
907,248,574,465,395,341,1,-1,-1,-1
908,245,758,52,131,109,1,-1,-1,-1
908,248,560,450,405,385,1,-1,-1,-1
909,245,758,53,130,108,1,-1,-1,-1
909,248,557,458,403,388,1,-1,-1,-1
910,245,757,54,130,108,1,-1,-1,-1
910,248,552,467,399,390,1,-1,-1,-1
911,245,756,54,129,107,1,-1,-1,-1
911,248,550,477,398,396,1,-1,-1,-1
912,248,543,489,407,398,1,-1,-1,-1
913,248,537,498,416,401,1,-1,-1,-1
914,248,521,507,416,416,1,-1,-1,-1
915,248,518,520,412,416,1,-1,-1,-1
916,248,508,534,418,410,1,-1,-1,-1
917,248,492,541,432,410,1,-1,-1,-1
918,248,469,560,450,434,1,-1,-1,-1
919,248,453,566,465,440,1,-1,-1,-1
920,248,440,577,472,440,1,-1,-1,-1
921,248,427,592,477,443,1,-1,-1,-1
922,248,418,609,474,443,1,-1,-1,-1
923,248,404,624,479,444,1,-1,-1,-1
924,248,386,641,486,437,1,-1,-1,-1
925,248,371,656,492,422,1,-1,-1,-1
1113,251,708,65,122,112,1,-1,-1,-1
1117,251,706,76,130,109,1,-1,-1,-1
1118,251,703,76,134,111,1,-1,-1,-1
1119,251,702,75,136,113,1,-1,-1,-1
1120,251,701,74,138,115,1,-1,-1,-1
1121,251,701,74,139,117,1,-1,-1,-1
1122,251,700,73,140,118,1,-1,-1,-1
1123,251,700,77,138,117,1,-1,-1,-1
1124,251,701,72,139,130,1,-1,-1,-1
1125,251,701,72,139,132,1,-1,-1,-1
1126,251,700,74,140,131,1,-1,-1,-1
1127,251,700,76,141,132,1,-1,-1,-1
1128,251,700,78,141,131,1,-1,-1,-1
1129,251,700,80,142,131,1,-1,-1,-1
1130,251,700,83,142,129,1,-1,-1,-1
1131,251,700,87,143,129,1,-1,-1,-1
1132,251,700,91,143,130,1,-1,-1,-1
1133,251,700,95,143,131,1,-1,-1,-1
1134,251,700,97,143,132,1,-1,-1,-1
1135,251,700,100,143,131,1,-1,-1,-1
1136,251,699,100,144,133,1,-1,-1,-1
1137,251,700,104,141,136,1,-1,-1,-1
1138,251,699,105,142,137,1,-1,-1,-1
1139,251,697,106,144,138,1,-1,-1,-1
1140,251,696,108,147,139,1,-1,-1,-1
1141,251,694,111,151,138,1,-1,-1,-1
1142,251,692,114,154,137,1,-1,-1,-1
1143,251,689,117,158,136,1,-1,-1,-1
1144,251,687,119,160,137,1,-1,-1,-1
1145,251,685,123,163,138,1,-1,-1,-1
1146,251,683,127,164,137,1,-1,-1,-1
1147,251,680,129,165,138,1,-1,-1,-1
1148,251,679,132,164,138,1,-1,-1,-1
1149,250,906,701,450,368,1,-1,-1,-1
1149,251,677,133,164,139,1,-1,-1,-1
1150,250,913,677,435,377,1,-1,-1,-1
1150,251,677,140,162,142,1,-1,-1,-1
1151,250,915,651,428,379,1,-1,-1,-1
1151,251,674,143,165,142,1,-1,-1,-1
1152,250,912,629,432,376,1,-1,-1,-1
1152,251,671,147,168,141,1,-1,-1,-1
1153,250,906,613,436,365,1,-1,-1,-1
1153,251,668,150,171,141,1,-1,-1,-1
1154,250,901,598,437,360,1,-1,-1,-1
1154,251,666,153,173,142,1,-1,-1,-1
1155,250,914,565,422,359,1,-1,-1,-1
1155,251,664,155,176,144,1,-1,-1,-1
1156,250,924,559,395,342,1,-1,-1,-1
1156,251,663,157,177,147,1,-1,-1,-1
1157,250,928,542,386,343,1,-1,-1,-1
1157,251,661,161,178,147,1,-1,-1,-1
1158,250,929,530,383,342,1,-1,-1,-1
1158,251,659,164,179,148,1,-1,-1,-1
1159,250,928,508,381,330,1,-1,-1,-1
1159,251,657,167,180,143,1,-1,-1,-1
1160,250,930,497,373,325,1,-1,-1,-1
1160,251,652,177,187,148,1,-1,-1,-1
1161,250,909,483,381,318,1,-1,-1,-1
1161,251,651,179,188,150,1,-1,-1,-1
1162,250,910,470,375,316,1,-1,-1,-1
1162,251,651,182,188,153,1,-1,-1,-1
1163,250,908,465,374,307,1,-1,-1,-1
1163,251,650,186,188,157,1,-1,-1,-1
1164,250,908,439,370,312,1,-1,-1,-1
1164,251,647,189,191,162,1,-1,-1,-1
1165,250,911,432,361,298,1,-1,-1,-1
1165,251,646,193,192,163,1,-1,-1,-1
1166,250,912,421,352,290,1,-1,-1,-1
1166,251,642,202,197,166,1,-1,-1,-1
1167,250,911,408,351,293,1,-1,-1,-1
1167,251,642,203,197,170,1,-1,-1,-1
1168,250,907,398,349,298,1,-1,-1,-1
1168,251,638,208,193,166,1,-1,-1,-1
1169,250,905,381,348,293,1,-1,-1,-1
1169,251,636,214,195,166,1,-1,-1,-1
1170,250,906,376,336,282,1,-1,-1,-1
1170,251,633,219,198,168,1,-1,-1,-1
1171,250,907,369,329,274,1,-1,-1,-1
1171,251,626,222,207,172,1,-1,-1,-1
1172,250,907,358,323,275,1,-1,-1,-1
1172,251,623,224,212,174,1,-1,-1,-1
1173,250,908,345,318,280,1,-1,-1,-1
1173,251,621,236,212,172,1,-1,-1,-1
1174,250,908,333,313,286,1,-1,-1,-1
1174,251,622,239,209,173,1,-1,-1,-1
1175,250,907,319,312,284,1,-1,-1,-1
1175,251,621,243,207,173,1,-1,-1,-1
1176,250,910,321,305,272,1,-1,-1,-1
1176,251,618,247,210,176,1,-1,-1,-1
1177,250,914,319,299,260,1,-1,-1,-1
1177,251,611,251,220,180,1,-1,-1,-1
1178,250,918,315,291,250,1,-1,-1,-1
1178,251,593,251,253,201,1,-1,-1,-1
1179,250,921,307,284,247,1,-1,-1,-1
1179,251,591,259,256,203,1,-1,-1,-1
1180,250,922,300,281,245,1,-1,-1,-1
1180,251,589,266,256,207,1,-1,-1,-1
1181,250,922,294,278,243,1,-1,-1,-1
1181,251,588,271,255,213,1,-1,-1,-1
1182,250,921,287,278,241,1,-1,-1,-1
1182,251,584,276,256,217,1,-1,-1,-1
1183,250,925,282,271,239,1,-1,-1,-1
1183,251,589,297,253,206,1,-1,-1,-1
1184,250,925,265,265,245,1,-1,-1,-1
1184,251,587,306,253,208,1,-1,-1,-1
1185,250,926,264,260,241,1,-1,-1,-1
1185,251,583,315,260,214,1,-1,-1,-1
1186,250,927,262,255,235,1,-1,-1,-1
1186,251,575,326,267,221,1,-1,-1,-1
1187,250,928,258,250,230,1,-1,-1,-1
1187,251,566,334,274,230,1,-1,-1,-1
1188,250,930,255,244,225,1,-1,-1,-1
1188,251,556,339,283,237,1,-1,-1,-1
1189,250,931,250,243,224,1,-1,-1,-1
1189,251,552,366,290,226,1,-1,-1,-1
1190,250,931,245,242,223,1,-1,-1,-1
1190,251,548,379,298,228,1,-1,-1,-1
1191,250,931,239,240,224,1,-1,-1,-1
1191,251,542,393,307,233,1,-1,-1,-1
1192,250,932,234,236,222,1,-1,-1,-1
1192,251,537,402,313,242,1,-1,-1,-1
1193,250,933,231,231,220,1,-1,-1,-1
1193,251,530,406,324,252,1,-1,-1,-1
1194,250,935,229,228,216,1,-1,-1,-1
1194,251,525,434,326,247,1,-1,-1,-1
1195,250,935,227,227,215,1,-1,-1,-1
1195,251,521,451,329,250,1,-1,-1,-1
1196,250,934,225,228,213,1,-1,-1,-1
1196,251,514,465,334,259,1,-1,-1,-1
1197,250,932,222,228,210,1,-1,-1,-1
1197,251,512,493,335,261,1,-1,-1,-1
1198,250,931,223,229,203,1,-1,-1,-1
1198,251,506,507,340,264,1,-1,-1,-1
1199,250,934,205,221,214,1,-1,-1,-1
1199,251,501,524,347,272,1,-1,-1,-1
1200,250,932,205,222,206,1,-1,-1,-1
1200,251,493,558,358,277,1,-1,-1,-1
1201,250,922,206,237,196,1,-1,-1,-1
1201,251,474,571,361,282,1,-1,-1,-1
1202,250,925,200,228,198,1,-1,-1,-1
1202,251,466,586,365,297,1,-1,-1,-1
1203,250,928,196,219,196,1,-1,-1,-1
1203,251,452,628,366,294,1,-1,-1,-1
1204,250,932,193,210,194,1,-1,-1,-1
1204,251,438,642,373,307,1,-1,-1,-1
1205,250,927,195,209,188,1,-1,-1,-1
1205,251,411,656,417,347,1,-1,-1,-1
1206,250,927,196,208,183,1,-1,-1,-1
1206,251,406,702,394,323,1,-1,-1,-1
1207,250,926,196,208,178,1,-1,-1,-1
1207,251,356,732,440,316,1,-1,-1,-1
1208,250,925,185,205,178,1,-1,-1,-1
1209,250,925,183,203,179,1,-1,-1,-1
1210,250,925,180,201,179,1,-1,-1,-1
1211,250,925,178,198,177,1,-1,-1,-1
1212,250,924,175,197,175,1,-1,-1,-1
1213,250,922,173,196,170,1,-1,-1,-1
1214,250,919,171,197,168,1,-1,-1,-1
1215,250,916,168,197,168,1,-1,-1,-1
1216,250,913,166,198,168,1,-1,-1,-1
1217,250,911,164,197,168,1,-1,-1,-1
1218,250,913,151,195,172,1,-1,-1,-1
1219,250,912,150,193,171,1,-1,-1,-1
1220,250,910,147,192,170,1,-1,-1,-1
1221,250,909,144,191,172,1,-1,-1,-1
1222,250,907,140,191,174,1,-1,-1,-1
1223,250,906,138,190,173,1,-1,-1,-1
1224,250,906,137,189,169,1,-1,-1,-1
1225,250,898,141,189,157,1,-1,-1,-1
1226,250,896,140,189,154,1,-1,-1,-1
1227,250,895,140,190,153,1,-1,-1,-1
1228,250,893,139,188,152,1,-1,-1,-1
1229,250,891,139,188,150,1,-1,-1,-1
1230,250,891,139,185,147,1,-1,-1,-1
1231,250,890,141,183,144,1,-1,-1,-1
1232,250,891,143,177,138,1,-1,-1,-1
1233,250,891,128,175,146,1,-1,-1,-1
1234,250,890,126,174,145,1,-1,-1,-1
1235,250,889,125,173,144,1,-1,-1,-1
1236,250,887,123,172,144,1,-1,-1,-1
1237,250,886,122,171,143,1,-1,-1,-1
1238,250,885,120,171,142,1,-1,-1,-1
1239,250,883,119,170,142,1,-1,-1,-1
1240,250,882,117,169,141,1,-1,-1,-1
1241,250,881,116,168,141,1,-1,-1,-1
1242,250,880,114,167,140,1,-1,-1,-1
1243,250,878,113,167,139,1,-1,-1,-1
1244,250,877,111,166,139,1,-1,-1,-1
1245,250,876,110,165,138,1,-1,-1,-1
1246,250,874,108,164,137,1,-1,-1,-1
1247,250,873,107,164,137,1,-1,-1,-1
1248,250,872,105,163,136,1,-1,-1,-1
1249,250,870,104,162,136,1,-1,-1,-1
1250,250,869,102,161,135,1,-1,-1,-1
1251,250,868,101,160,134,1,-1,-1,-1
1252,250,866,99,160,134,1,-1,-1,-1
1253,250,865,98,159,133,1,-1,-1,-1
1254,250,864,96,158,132,1,-1,-1,-1
1255,250,864,96,156,134,1,-1,-1,-1
1256,250,863,95,153,132,1,-1,-1,-1
1257,250,862,94,151,131,1,-1,-1,-1
1258,250,862,93,148,131,1,-1,-1,-1
1259,250,861,92,147,130,1,-1,-1,-1
1260,250,860,91,146,128,1,-1,-1,-1
1261,250,858,90,146,125,1,-1,-1,-1
1262,250,856,89,146,124,1,-1,-1,-1
1263,250,855,87,146,124,1,-1,-1,-1
1264,250,854,86,145,123,1,-1,-1,-1
1265,250,847,84,146,128,1,-1,-1,-1
1266,250,847,83,144,128,1,-1,-1,-1
1267,250,846,81,145,130,1,-1,-1,-1
1268,250,845,80,145,130,1,-1,-1,-1
1269,250,843,79,145,130,1,-1,-1,-1
1270,250,841,78,145,129,1,-1,-1,-1
1271,250,839,76,144,129,1,-1,-1,-1
1272,250,838,75,144,129,1,-1,-1,-1
1273,250,837,74,143,128,1,-1,-1,-1
1274,250,836,73,143,128,1,-1,-1,-1
1275,250,835,72,142,127,1,-1,-1,-1
1276,250,834,71,142,127,1,-1,-1,-1
1277,250,833,70,142,126,1,-1,-1,-1
1278,250,833,69,141,125,1,-1,-1,-1
1279,250,832,68,141,125,1,-1,-1,-1
1280,250,831,67,140,124,1,-1,-1,-1
1281,250,830,66,140,124,1,-1,-1,-1
1282,250,829,64,139,123,1,-1,-1,-1
1283,250,828,63,139,123,1,-1,-1,-1
1284,250,827,62,139,122,1,-1,-1,-1
1285,250,826,61,138,121,1,-1,-1,-1
1286,250,825,60,138,121,1,-1,-1,-1
1287,250,824,59,137,120,1,-1,-1,-1
1288,250,823,58,136,119,1,-1,-1,-1
1289,250,823,57,134,118,1,-1,-1,-1
1290,250,823,57,133,117,1,-1,-1,-1
1291,250,823,56,132,118,1,-1,-1,-1
1292,250,823,54,132,118,1,-1,-1,-1
1293,250,823,54,131,117,1,-1,-1,-1
1294,250,813,52,141,119,1,-1,-1,-1
1295,250,814,52,139,117,1,-1,-1,-1
1296,250,816,51,135,118,1,-1,-1,-1
1297,250,817,50,134,120,1,-1,-1,-1
1298,250,817,48,133,121,1,-1,-1,-1
1299,250,816,48,134,121,1,-1,-1,-1
1300,250,815,47,135,120,1,-1,-1,-1
1301,250,814,47,135,120,1,-1,-1,-1
1302,250,814,48,133,119,1,-1,-1,-1
1303,250,814,48,132,119,1,-1,-1,-1
1304,250,813,48,131,118,1,-1,-1,-1
1305,250,812,49,132,118,1,-1,-1,-1
1306,250,810,49,133,119,1,-1,-1,-1
1307,250,809,48,133,119,1,-1,-1,-1
1308,250,808,48,132,119,1,-1,-1,-1
1309,250,807,47,132,120,1,-1,-1,-1
1310,250,805,47,132,119,1,-1,-1,-1
1311,250,802,47,133,119,1,-1,-1,-1
1312,250,801,49,132,118,1,-1,-1,-1
1313,250,800,49,132,117,1,-1,-1,-1
1314,250,799,49,131,117,1,-1,-1,-1
1315,250,798,49,131,117,1,-1,-1,-1
1316,250,797,50,131,115,1,-1,-1,-1
1317,250,796,51,131,114,1,-1,-1,-1
1318,250,795,52,130,113,1,-1,-1,-1
1319,250,794,53,130,111,1,-1,-1,-1
1320,250,794,53,130,110,1,-1,-1,-1
1321,250,793,54,130,109,1,-1,-1,-1
1322,250,792,55,129,107,1,-1,-1,-1
1421,252,960,755,409,323,1,-1,-1,-1
1422,252,972,719,390,328,1,-1,-1,-1
1423,252,972,695,394,337,1,-1,-1,-1
1424,252,965,659,399,358,1,-1,-1,-1
1425,252,980,642,378,314,1,-1,-1,-1
1426,252,981,623,375,313,1,-1,-1,-1
1427,252,983,592,362,307,1,-1,-1,-1
1428,252,985,576,356,307,1,-1,-1,-1
1429,252,984,558,355,300,1,-1,-1,-1
1430,252,984,549,354,291,1,-1,-1,-1
1431,252,984,521,351,282,1,-1,-1,-1
1432,252,985,503,343,280,1,-1,-1,-1
1433,252,984,486,339,283,1,-1,-1,-1
1434,252,977,463,339,279,1,-1,-1,-1
1435,252,977,456,331,269,1,-1,-1,-1
1436,252,975,443,326,265,1,-1,-1,-1
1437,252,973,426,319,267,1,-1,-1,-1
1438,252,970,416,315,269,1,-1,-1,-1
1439,252,966,405,312,248,1,-1,-1,-1
1440,252,969,398,301,241,1,-1,-1,-1
1441,252,971,388,292,237,1,-1,-1,-1
1442,252,957,373,293,234,1,-1,-1,-1
1443,252,958,360,287,236,1,-1,-1,-1
1444,252,955,352,286,236,1,-1,-1,-1
1445,252,956,338,278,231,1,-1,-1,-1
1446,252,957,334,273,225,1,-1,-1,-1
1447,252,958,327,266,221,1,-1,-1,-1
1448,252,958,317,259,220,1,-1,-1,-1
1449,252,954,308,254,218,1,-1,-1,-1
1450,252,949,300,250,215,1,-1,-1,-1
1451,252,944,295,248,212,1,-1,-1,-1
1452,252,940,276,245,220,1,-1,-1,-1
1453,252,940,273,239,217,1,-1,-1,-1
1454,252,939,267,236,216,1,-1,-1,-1
1455,252,938,261,233,216,1,-1,-1,-1
1456,252,934,256,231,215,1,-1,-1,-1
1457,252,932,251,228,214,1,-1,-1,-1
1458,252,923,252,240,193,1,-1,-1,-1
1459,252,922,244,238,199,1,-1,-1,-1
1460,252,923,238,231,200,1,-1,-1,-1
1461,252,926,232,221,198,1,-1,-1,-1
1462,252,921,233,216,188,1,-1,-1,-1
1463,252,920,232,214,183,1,-1,-1,-1
1464,252,916,221,215,185,1,-1,-1,-1
1465,252,915,218,211,185,1,-1,-1,-1
1466,252,914,217,207,179,1,-1,-1,-1
1467,252,910,213,207,174,1,-1,-1,-1
1468,252,908,209,206,171,1,-1,-1,-1
1469,252,903,204,207,170,1,-1,-1,-1
1470,252,901,200,206,172,1,-1,-1,-1
1471,252,903,192,199,171,1,-1,-1,-1
1472,252,903,190,197,172,1,-1,-1,-1
1473,252,903,188,195,169,1,-1,-1,-1
1474,252,895,186,195,163,1,-1,-1,-1
1475,252,895,182,193,158,1,-1,-1,-1
1476,252,893,179,193,154,1,-1,-1,-1
1477,252,891,178,193,150,1,-1,-1,-1
1478,252,889,176,192,148,1,-1,-1,-1
1479,252,887,175,191,146,1,-1,-1,-1
1480,252,890,162,184,156,1,-1,-1,-1
1481,252,887,157,187,158,1,-1,-1,-1
1482,252,885,154,185,154,1,-1,-1,-1
1483,252,881,152,185,150,1,-1,-1,-1
1484,252,879,150,183,147,1,-1,-1,-1
1485,252,878,150,181,144,1,-1,-1,-1
1486,252,878,148,179,143,1,-1,-1,-1
1487,252,879,149,175,139,1,-1,-1,-1
1488,252,879,147,171,139,1,-1,-1,-1
1489,252,879,145,169,139,1,-1,-1,-1
1490,252,872,141,169,142,1,-1,-1,-1
1491,252,873,141,167,140,1,-1,-1,-1
1492,252,872,132,167,141,1,-1,-1,-1
1493,252,870,131,168,140,1,-1,-1,-1
1494,252,869,129,167,138,1,-1,-1,-1
1495,252,867,128,166,134,1,-1,-1,-1
1496,252,866,126,163,131,1,-1,-1,-1
1497,252,865,124,161,130,1,-1,-1,-1
1498,252,867,123,155,127,1,-1,-1,-1
1499,252,866,122,152,127,1,-1,-1,-1
1500,252,865,122,148,126,1,-1,-1,-1
1501,252,863,117,148,129,1,-1,-1,-1
1502,252,861,116,147,129,1,-1,-1,-1
1503,252,861,111,144,134,1,-1,-1,-1
1504,252,858,111,143,131,1,-1,-1,-1
1505,252,858,110,141,130,1,-1,-1,-1
1506,252,856,110,142,127,1,-1,-1,-1
1507,252,856,105,142,119,1,-1,-1,-1
1508,252,854,104,144,117,1,-1,-1,-1
1509,252,842,97,155,124,1,-1,-1,-1
1510,252,842,95,153,123,1,-1,-1,-1
1511,252,843,93,150,123,1,-1,-1,-1
1512,252,844,91,147,122,1,-1,-1,-1
1513,252,843,89,146,124,1,-1,-1,-1
1514,252,841,86,145,126,1,-1,-1,-1
1515,252,840,84,143,127,1,-1,-1,-1
1516,252,838,84,143,127,1,-1,-1,-1
1517,252,836,84,143,125,1,-1,-1,-1
1518,252,833,83,145,124,1,-1,-1,-1
1519,252,832,81,145,124,1,-1,-1,-1
1520,252,831,79,144,124,1,-1,-1,-1
1521,252,831,78,144,125,1,-1,-1,-1
1522,252,830,78,143,123,1,-1,-1,-1
1523,252,830,77,141,123,1,-1,-1,-1
1524,252,830,72,136,118,1,-1,-1,-1
1525,252,828,72,136,118,1,-1,-1,-1
1526,252,827,72,136,117,1,-1,-1,-1
1527,252,825,73,135,115,1,-1,-1,-1
1528,252,825,72,134,113,1,-1,-1,-1
1529,252,825,71,133,113,1,-1,-1,-1
1530,252,825,69,133,113,1,-1,-1,-1
1531,252,825,68,133,112,1,-1,-1,-1
1532,252,826,66,132,110,1,-1,-1,-1
1533,252,825,64,132,109,1,-1,-1,-1
1534,252,823,61,133,110,1,-1,-1,-1
1535,252,821,60,136,110,1,-1,-1,-1
1536,252,821,59,136,110,1,-1,-1,-1
1537,252,820,59,134,109,1,-1,-1,-1
1538,252,820,59,133,108,1,-1,-1,-1
1539,252,820,59,132,108,1,-1,-1,-1
1540,252,820,60,131,107,1,-1,-1,-1
1574,253,985,684,415,383,1,-1,-1,-1
1575,253,989,656,403,390,1,-1,-1,-1
1576,253,988,626,403,390,1,-1,-1,-1
1577,253,977,609,394,356,1,-1,-1,-1
1578,253,979,601,389,343,1,-1,-1,-1
1578,254,696,51,132,106,1,-1,-1,-1
1579,253,982,556,379,349,1,-1,-1,-1
1579,254,696,50,133,107,1,-1,-1,-1
1580,253,980,535,380,351,1,-1,-1,-1
1580,254,697,49,131,108,1,-1,-1,-1
1581,253,979,526,376,341,1,-1,-1,-1
1581,254,698,49,129,108,1,-1,-1,-1
1582,253,982,498,357,336,1,-1,-1,-1
1583,253,980,482,350,330,1,-1,-1,-1
1584,253,973,465,350,328,1,-1,-1,-1
1585,253,965,462,351,317,1,-1,-1,-1
1586,253,958,435,343,318,1,-1,-1,-1
1587,253,954,419,336,314,1,-1,-1,-1
1588,253,950,405,333,307,1,-1,-1,-1
1589,253,931,399,341,299,1,-1,-1,-1
1590,253,938,382,322,292,1,-1,-1,-1
1591,253,941,376,309,282,1,-1,-1,-1
1592,253,937,364,305,276,1,-1,-1,-1
1593,253,933,350,300,275,1,-1,-1,-1
1593,254,710,49,120,115,1,-1,-1,-1
1594,253,927,339,300,276,1,-1,-1,-1
1594,254,710,50,122,116,1,-1,-1,-1
1595,253,918,323,303,273,1,-1,-1,-1
1595,254,709,51,125,117,1,-1,-1,-1
1596,253,918,323,297,261,1,-1,-1,-1
1596,254,709,51,126,118,1,-1,-1,-1
1597,253,920,317,287,253,1,-1,-1,-1
1597,254,709,51,126,117,1,-1,-1,-1
1598,253,923,308,276,248,1,-1,-1,-1
1598,254,710,53,125,115,1,-1,-1,-1
1599,253,924,297,268,249,1,-1,-1,-1
1599,254,709,54,126,116,1,-1,-1,-1
1600,253,925,288,259,246,1,-1,-1,-1
1600,254,708,54,129,118,1,-1,-1,-1
1601,253,924,279,257,247,1,-1,-1,-1
1601,254,706,53,133,120,1,-1,-1,-1
1602,253,923,258,253,257,1,-1,-1,-1
1602,254,705,54,135,120,1,-1,-1,-1
1603,253,924,260,246,246,1,-1,-1,-1
1603,254,705,57,135,120,1,-1,-1,-1
1604,253,924,259,244,233,1,-1,-1,-1
1604,254,705,59,135,119,1,-1,-1,-1
1605,253,923,256,241,225,1,-1,-1,-1
1605,254,703,60,138,121,1,-1,-1,-1
1606,253,923,251,237,222,1,-1,-1,-1
1606,254,702,60,141,122,1,-1,-1,-1
1607,253,923,246,233,221,1,-1,-1,-1
1607,254,701,61,141,124,1,-1,-1,-1
1608,253,924,238,231,223,1,-1,-1,-1
1608,254,701,63,140,124,1,-1,-1,-1
1609,253,924,232,229,222,1,-1,-1,-1
1609,254,700,65,140,125,1,-1,-1,-1
1610,253,925,226,227,222,1,-1,-1,-1
1610,254,699,66,142,126,1,-1,-1,-1
1611,253,925,223,227,218,1,-1,-1,-1
1611,254,699,64,141,128,1,-1,-1,-1
1612,253,925,222,227,213,1,-1,-1,-1
1612,254,698,64,143,129,1,-1,-1,-1
1613,253,917,223,226,201,1,-1,-1,-1
1613,254,696,64,146,128,1,-1,-1,-1
1614,253,922,206,231,202,1,-1,-1,-1
1614,254,693,65,148,128,1,-1,-1,-1
1615,253,915,198,225,214,1,-1,-1,-1
1615,254,690,66,150,126,1,-1,-1,-1
1616,253,923,198,214,203,1,-1,-1,-1
1616,254,688,67,151,125,1,-1,-1,-1
1617,253,924,196,211,201,1,-1,-1,-1
1617,254,689,69,144,135,1,-1,-1,-1
1618,253,925,193,207,198,1,-1,-1,-1
1618,254,688,69,144,136,1,-1,-1,-1
1619,253,923,191,205,195,1,-1,-1,-1
1619,254,687,68,144,139,1,-1,-1,-1
1620,253,921,189,206,194,1,-1,-1,-1
1620,254,686,70,143,138,1,-1,-1,-1
1621,253,921,183,201,181,1,-1,-1,-1
1621,254,684,72,142,137,1,-1,-1,-1
1622,253,920,178,201,189,1,-1,-1,-1
1622,254,683,73,141,136,1,-1,-1,-1
1623,253,920,174,201,190,1,-1,-1,-1
1623,254,682,73,140,136,1,-1,-1,-1
1624,253,920,171,199,188,1,-1,-1,-1
1624,254,680,73,140,136,1,-1,-1,-1
1625,253,920,168,195,184,1,-1,-1,-1
1625,254,679,75,139,135,1,-1,-1,-1
1626,253,920,165,192,180,1,-1,-1,-1
1626,254,677,76,139,136,1,-1,-1,-1
1627,253,916,162,192,177,1,-1,-1,-1
1627,254,675,77,141,136,1,-1,-1,-1
1628,253,913,160,192,177,1,-1,-1,-1
1628,254,673,77,141,137,1,-1,-1,-1
1629,253,915,150,189,176,1,-1,-1,-1
1629,254,671,79,142,137,1,-1,-1,-1
1630,253,913,147,188,179,1,-1,-1,-1
1630,254,670,80,143,137,1,-1,-1,-1
1631,253,911,144,187,178,1,-1,-1,-1
1631,254,667,81,146,138,1,-1,-1,-1
1632,253,909,139,187,178,1,-1,-1,-1
1632,254,665,81,150,140,1,-1,-1,-1
1633,253,909,135,183,176,1,-1,-1,-1
1633,254,660,81,151,142,1,-1,-1,-1
1634,253,903,134,181,168,1,-1,-1,-1
1634,254,659,83,153,142,1,-1,-1,-1
1635,253,904,133,177,166,1,-1,-1,-1
1635,254,659,84,152,144,1,-1,-1,-1
1636,253,904,134,175,161,1,-1,-1,-1
1636,254,659,86,151,145,1,-1,-1,-1
1637,253,904,134,173,159,1,-1,-1,-1
1637,254,659,87,150,148,1,-1,-1,-1
1638,253,902,137,172,152,1,-1,-1,-1
1638,254,658,87,150,149,1,-1,-1,-1
1639,253,899,137,171,150,1,-1,-1,-1
1639,254,657,88,151,149,1,-1,-1,-1
1640,253,897,141,169,142,1,-1,-1,-1
1640,254,655,90,151,149,1,-1,-1,-1
1641,253,896,129,168,145,1,-1,-1,-1
1641,254,654,92,152,146,1,-1,-1,-1
1642,253,893,128,169,144,1,-1,-1,-1
1642,254,649,107,151,136,1,-1,-1,-1
1643,253,892,125,166,148,1,-1,-1,-1
1643,254,648,108,151,135,1,-1,-1,-1
1644,253,890,124,164,145,1,-1,-1,-1
1644,254,647,109,152,135,1,-1,-1,-1
1645,253,888,123,163,143,1,-1,-1,-1
1645,254,646,111,153,134,1,-1,-1,-1
1646,253,886,121,161,139,1,-1,-1,-1
1646,254,644,111,156,136,1,-1,-1,-1
1647,253,884,120,160,137,1,-1,-1,-1
1647,254,643,111,157,137,1,-1,-1,-1
1648,253,884,117,156,138,1,-1,-1,-1
1648,254,642,110,159,141,1,-1,-1,-1
1649,253,881,115,154,139,1,-1,-1,-1
1649,254,641,111,161,143,1,-1,-1,-1
1650,253,882,115,152,136,1,-1,-1,-1
1650,254,639,112,164,145,1,-1,-1,-1
1651,253,884,114,147,135,1,-1,-1,-1
1651,254,638,112,165,148,1,-1,-1,-1
1652,253,883,114,147,133,1,-1,-1,-1
1652,254,638,113,165,150,1,-1,-1,-1
1653,253,884,114,144,130,1,-1,-1,-1
1653,254,639,114,165,153,1,-1,-1,-1
1654,253,881,113,144,130,1,-1,-1,-1
1654,254,639,116,164,155,1,-1,-1,-1
1655,253,879,113,143,128,1,-1,-1,-1
1655,254,638,117,165,157,1,-1,-1,-1
1656,253,874,109,145,132,1,-1,-1,-1
1656,254,638,120,165,158,1,-1,-1,-1
1657,253,875,95,146,136,1,-1,-1,-1
1657,254,637,122,165,158,1,-1,-1,-1
1658,253,871,94,146,137,1,-1,-1,-1
1658,254,637,123,166,158,1,-1,-1,-1
1659,253,869,93,144,136,1,-1,-1,-1
1659,254,636,140,165,143,1,-1,-1,-1
1660,253,867,95,141,132,1,-1,-1,-1
1660,254,635,140,168,144,1,-1,-1,-1
1661,253,867,95,138,129,1,-1,-1,-1
1661,254,634,141,171,145,1,-1,-1,-1
1662,253,866,95,136,127,1,-1,-1,-1
1662,254,633,140,173,148,1,-1,-1,-1
1663,253,865,94,135,124,1,-1,-1,-1
1663,254,632,140,174,151,1,-1,-1,-1
1664,253,864,91,135,124,1,-1,-1,-1
1664,254,631,140,176,155,1,-1,-1,-1
1665,253,862,88,134,124,1,-1,-1,-1
1665,254,631,141,177,156,1,-1,-1,-1
1666,253,858,85,139,126,1,-1,-1,-1
1666,254,629,142,179,159,1,-1,-1,-1
1667,253,858,84,138,125,1,-1,-1,-1
1667,254,629,142,179,161,1,-1,-1,-1
1668,253,860,83,135,123,1,-1,-1,-1
1668,254,628,142,180,163,1,-1,-1,-1
1669,253,850,80,139,128,1,-1,-1,-1
1669,254,628,142,180,166,1,-1,-1,-1
1670,253,850,80,138,126,1,-1,-1,-1
1670,254,626,143,181,170,1,-1,-1,-1
1671,253,851,79,138,124,1,-1,-1,-1
1671,254,626,143,182,173,1,-1,-1,-1
1672,253,852,81,134,120,1,-1,-1,-1
1672,254,625,145,184,174,1,-1,-1,-1
1673,253,851,81,133,119,1,-1,-1,-1
1673,254,624,146,185,176,1,-1,-1,-1
1674,253,845,81,141,120,1,-1,-1,-1
1674,254,623,147,186,176,1,-1,-1,-1
1675,253,843,80,142,119,1,-1,-1,-1
1675,254,622,148,187,177,1,-1,-1,-1
1676,253,849,82,131,114,1,-1,-1,-1
1676,254,621,164,186,170,1,-1,-1,-1
1677,253,843,70,131,118,1,-1,-1,-1
1677,254,621,162,187,175,1,-1,-1,-1
1678,253,834,69,156,118,1,-1,-1,-1
1678,254,621,163,187,177,1,-1,-1,-1
1679,253,832,69,154,118,1,-1,-1,-1
1679,254,621,165,186,178,1,-1,-1,-1
1680,253,831,68,156,118,1,-1,-1,-1
1680,254,619,167,188,179,1,-1,-1,-1
1681,253,830,69,158,117,1,-1,-1,-1
1681,254,617,169,192,181,1,-1,-1,-1
1682,253,829,69,161,117,1,-1,-1,-1
1682,254,615,170,196,184,1,-1,-1,-1
1683,253,829,67,157,117,1,-1,-1,-1
1683,254,614,171,199,186,1,-1,-1,-1
1684,253,827,65,156,117,1,-1,-1,-1
1684,254,614,172,199,189,1,-1,-1,-1
1685,253,827,64,155,117,1,-1,-1,-1
1685,254,615,174,200,190,1,-1,-1,-1
1686,253,835,64,129,114,1,-1,-1,-1
1686,254,615,176,200,191,1,-1,-1,-1
1687,253,835,63,129,115,1,-1,-1,-1
1687,254,614,179,203,188,1,-1,-1,-1
1688,253,834,61,129,114,1,-1,-1,-1
1688,254,612,192,209,188,1,-1,-1,-1
1689,253,834,60,129,114,1,-1,-1,-1
1689,254,610,190,210,194,1,-1,-1,-1
1690,253,834,59,127,114,1,-1,-1,-1
1690,254,609,191,212,194,1,-1,-1,-1
1691,253,834,58,125,114,1,-1,-1,-1
1691,254,610,194,212,191,1,-1,-1,-1
1692,253,833,57,125,115,1,-1,-1,-1
1692,254,609,196,214,192,1,-1,-1,-1
1693,254,608,198,217,191,1,-1,-1,-1
1694,254,605,199,225,193,1,-1,-1,-1
1695,254,604,202,227,193,1,-1,-1,-1
1696,254,602,203,232,195,1,-1,-1,-1
1697,254,606,205,227,194,1,-1,-1,-1
1698,254,607,208,227,192,1,-1,-1,-1
1699,254,610,211,224,190,1,-1,-1,-1
1700,254,605,200,234,218,1,-1,-1,-1
1701,254,617,219,222,206,1,-1,-1,-1
1702,254,619,219,222,210,1,-1,-1,-1
1703,254,621,219,220,213,1,-1,-1,-1
1704,254,622,221,221,216,1,-1,-1,-1
1705,254,621,224,225,217,1,-1,-1,-1
1706,254,619,227,230,219,1,-1,-1,-1
1707,254,617,230,234,219,1,-1,-1,-1
1708,254,617,234,236,220,1,-1,-1,-1
1709,254,617,238,236,222,1,-1,-1,-1
1710,254,625,242,234,227,1,-1,-1,-1
1711,254,625,246,234,226,1,-1,-1,-1
1712,254,624,249,239,228,1,-1,-1,-1
1713,254,624,251,242,233,1,-1,-1,-1
1714,254,623,252,247,239,1,-1,-1,-1
1715,254,622,253,250,249,1,-1,-1,-1
1716,254,622,254,251,256,1,-1,-1,-1
1717,254,622,254,253,262,1,-1,-1,-1
1718,254,620,275,261,251,1,-1,-1,-1
1719,254,618,281,266,249,1,-1,-1,-1
1720,254,614,289,272,248,1,-1,-1,-1
1721,254,613,295,273,249,1,-1,-1,-1
1722,254,612,301,274,251,1,-1,-1,-1
1723,254,611,306,276,257,1,-1,-1,-1
1724,254,609,312,280,264,1,-1,-1,-1
1725,254,608,315,283,273,1,-1,-1,-1
1726,254,606,317,287,280,1,-1,-1,-1
1727,254,603,316,293,287,1,-1,-1,-1
1728,254,599,332,302,285,1,-1,-1,-1
1729,254,599,335,300,289,1,-1,-1,-1
1730,254,598,343,298,289,1,-1,-1,-1
1731,254,597,351,298,292,1,-1,-1,-1
1732,254,595,361,300,295,1,-1,-1,-1
1733,254,593,369,305,302,1,-1,-1,-1
1734,254,590,374,311,308,1,-1,-1,-1
1735,254,585,375,322,315,1,-1,-1,-1
1736,254,582,389,327,319,1,-1,-1,-1
1737,254,581,392,328,325,1,-1,-1,-1
1738,254,579,398,331,330,1,-1,-1,-1
1739,254,576,407,337,336,1,-1,-1,-1
1740,254,565,426,338,326,1,-1,-1,-1
1741,254,559,435,346,327,1,-1,-1,-1
1742,254,561,456,365,329,1,-1,-1,-1
1743,254,556,466,352,327,1,-1,-1,-1
1744,254,554,475,354,330,1,-1,-1,-1
1745,254,551,485,357,332,1,-1,-1,-1
1746,254,549,494,358,337,1,-1,-1,-1
1747,254,552,473,350,402,1,-1,-1,-1
1748,254,541,524,367,353,1,-1,-1,-1
1749,254,543,518,358,383,1,-1,-1,-1
1750,254,540,528,359,394,1,-1,-1,-1
1751,254,532,541,364,398,1,-1,-1,-1
1752,254,524,544,372,413,1,-1,-1,-1
1753,254,515,582,376,394,1,-1,-1,-1
1754,254,509,590,396,415,1,-1,-1,-1
1755,254,502,603,401,420,1,-1,-1,-1
1756,254,491,620,405,421,1,-1,-1,-1
1757,254,481,636,408,419,1,-1,-1,-1
1758,254,470,655,416,415,1,-1,-1,-1
1759,254,454,676,433,402,1,-1,-1,-1
1765,258,1141,626,450,452,1,-1,-1,-1
1766,258,1132,609,440,460,1,-1,-1,-1
1767,258,1127,595,433,458,1,-1,-1,-1
1768,258,1120,580,438,449,1,-1,-1,-1
1769,258,1096,568,438,432,1,-1,-1,-1
1770,258,1082,534,442,431,1,-1,-1,-1
1771,258,1077,522,425,432,1,-1,-1,-1
1772,258,1071,507,413,429,1,-1,-1,-1
1773,258,1059,485,408,432,1,-1,-1,-1
1774,258,1046,468,401,426,1,-1,-1,-1
1775,258,1035,450,393,420,1,-1,-1,-1
1776,258,1028,437,384,410,1,-1,-1,-1
1777,258,1031,433,374,398,1,-1,-1,-1
1778,258,1022,432,372,382,1,-1,-1,-1
1779,258,1006,401,376,396,1,-1,-1,-1
1780,258,1002,394,374,385,1,-1,-1,-1
1781,258,991,375,365,387,1,-1,-1,-1
1782,258,988,375,363,361,1,-1,-1,-1
1783,258,974,331,368,400,1,-1,-1,-1
1784,258,970,349,363,340,1,-1,-1,-1
1785,258,965,340,359,342,1,-1,-1,-1
1786,258,962,331,349,339,1,-1,-1,-1
1787,258,960,319,336,345,1,-1,-1,-1
1788,258,957,307,329,351,1,-1,-1,-1
1789,258,951,299,330,353,1,-1,-1,-1
1790,258,949,289,329,332,1,-1,-1,-1
1791,258,941,283,322,327,1,-1,-1,-1
1792,258,941,278,320,326,1,-1,-1,-1
1793,258,943,275,314,318,1,-1,-1,-1
1794,258,942,271,310,314,1,-1,-1,-1
1795,258,941,269,307,310,1,-1,-1,-1
1796,258,941,261,303,311,1,-1,-1,-1
1797,258,941,252,296,314,1,-1,-1,-1
1798,258,942,244,290,315,1,-1,-1,-1
1799,258,942,242,285,312,1,-1,-1,-1
1800,258,942,236,284,296,1,-1,-1,-1
1801,258,946,231,276,297,1,-1,-1,-1
1802,258,950,223,268,301,1,-1,-1,-1
1803,258,954,219,260,294,1,-1,-1,-1
1804,258,953,214,258,289,1,-1,-1,-1
1805,258,953,211,256,285,1,-1,-1,-1
1806,258,952,209,255,280,1,-1,-1,-1
1807,258,954,208,251,275,1,-1,-1,-1
1808,258,956,204,248,271,1,-1,-1,-1
1809,258,956,200,247,271,1,-1,-1,-1
1810,258,957,196,244,271,1,-1,-1,-1
1811,258,957,193,242,270,1,-1,-1,-1
1812,258,958,192,240,270,1,-1,-1,-1
1813,258,957,193,238,265,1,-1,-1,-1
1814,258,954,188,237,250,1,-1,-1,-1
1815,258,956,189,234,247,1,-1,-1,-1
1816,258,959,187,233,249,1,-1,-1,-1
1817,258,963,184,231,249,1,-1,-1,-1
1818,258,965,181,231,249,1,-1,-1,-1
1819,258,965,178,233,246,1,-1,-1,-1
1820,258,966,176,235,243,1,-1,-1,-1
1821,258,967,172,238,242,1,-1,-1,-1
1822,258,969,169,237,242,1,-1,-1,-1
1823,258,972,164,234,242,1,-1,-1,-1
1824,258,978,160,229,242,1,-1,-1,-1
1825,258,983,157,226,240,1,-1,-1,-1
1826,258,988,155,223,237,1,-1,-1,-1
1827,258,991,151,223,235,1,-1,-1,-1
1828,258,1007,144,212,241,1,-1,-1,-1
1829,258,1012,139,217,245,1,-1,-1,-1
1830,258,1018,138,225,243,1,-1,-1,-1
1831,258,1031,138,230,239,1,-1,-1,-1
1832,258,1043,140,233,231,1,-1,-1,-1
1833,258,1056,140,231,226,1,-1,-1,-1
1834,258,1073,140,236,225,1,-1,-1,-1
1835,258,1084,139,233,223,1,-1,-1,-1
1836,258,1100,139,239,221,1,-1,-1,-1
1837,258,1113,128,244,223,1,-1,-1,-1
1838,258,1129,128,245,221,1,-1,-1,-1
1839,258,1146,127,245,219,1,-1,-1,-1
1840,258,1162,127,245,216,1,-1,-1,-1
1841,258,1179,127,246,214,1,-1,-1,-1
1842,258,1195,126,246,212,1,-1,-1,-1
1843,258,1223,126,238,210,1,-1,-1,-1
1844,258,1237,126,241,204,1,-1,-1,-1
1845,258,1253,125,246,203,1,-1,-1,-1
1846,258,1262,123,254,195,1,-1,-1,-1
1847,258,1323,130,204,187,1,-1,-1,-1
1848,258,1314,107,257,209,1,-1,-1,-1
1849,258,1328,107,253,203,1,-1,-1,-1
1850,258,1344,104,253,203,1,-1,-1,-1
1906,256,699,63,131,110,1,-1,-1,-1
1907,256,699,63,132,109,1,-1,-1,-1
1908,256,698,64,133,110,1,-1,-1,-1
1909,256,699,65,133,110,1,-1,-1,-1
1910,256,699,66,134,110,1,-1,-1,-1
1911,256,700,68,134,109,1,-1,-1,-1
1912,256,700,71,134,108,1,-1,-1,-1
1913,256,701,73,133,107,1,-1,-1,-1
1914,256,701,75,133,107,1,-1,-1,-1
1915,256,700,76,133,107,1,-1,-1,-1
1916,256,699,76,134,107,1,-1,-1,-1
1917,256,699,76,134,108,1,-1,-1,-1
1918,256,699,76,134,110,1,-1,-1,-1
1919,256,699,76,135,111,1,-1,-1,-1
1920,256,698,76,135,111,1,-1,-1,-1
1921,256,698,76,135,111,1,-1,-1,-1
1922,256,696,80,138,112,1,-1,-1,-1
1923,256,695,80,138,112,1,-1,-1,-1
1924,256,693,80,139,114,1,-1,-1,-1
1925,256,691,77,144,123,1,-1,-1,-1
1926,256,689,78,145,124,1,-1,-1,-1
1927,256,689,80,146,124,1,-1,-1,-1
1928,256,688,81,147,125,1,-1,-1,-1
1929,256,687,83,147,126,1,-1,-1,-1
1930,256,687,85,147,125,1,-1,-1,-1
1931,256,686,87,147,125,1,-1,-1,-1
1932,256,686,89,146,124,1,-1,-1,-1
1933,256,686,91,145,124,1,-1,-1,-1
1934,256,687,93,145,123,1,-1,-1,-1
1935,256,686,95,144,123,1,-1,-1,-1
1936,256,685,97,145,124,1,-1,-1,-1
1937,256,684,98,145,126,1,-1,-1,-1
1938,256,683,99,145,127,1,-1,-1,-1
1939,256,681,101,146,127,1,-1,-1,-1
1940,256,680,103,146,126,1,-1,-1,-1
1941,256,680,108,142,130,1,-1,-1,-1
1942,256,678,108,142,130,1,-1,-1,-1
1943,256,676,109,143,133,1,-1,-1,-1
1944,256,675,110,144,134,1,-1,-1,-1
1945,256,673,111,146,134,1,-1,-1,-1
1946,256,671,113,147,133,1,-1,-1,-1
1947,256,668,116,150,132,1,-1,-1,-1
1948,256,666,118,152,132,1,-1,-1,-1
1949,256,663,120,156,132,1,-1,-1,-1
1950,256,661,123,158,132,1,-1,-1,-1
1951,256,659,125,162,134,1,-1,-1,-1
1952,256,654,129,163,133,1,-1,-1,-1
1953,256,653,131,165,134,1,-1,-1,-1
1954,256,651,133,165,134,1,-1,-1,-1
1955,256,649,135,166,133,1,-1,-1,-1
1956,256,645,144,169,136,1,-1,-1,-1
1957,256,643,146,171,135,1,-1,-1,-1
1958,256,639,149,173,133,1,-1,-1,-1
1959,256,635,152,175,133,1,-1,-1,-1
1960,256,630,154,178,137,1,-1,-1,-1
1961,256,627,156,179,138,1,-1,-1,-1
1962,256,623,157,180,141,1,-1,-1,-1
1963,256,620,159,181,142,1,-1,-1,-1
1964,256,618,161,181,146,1,-1,-1,-1
1965,256,616,162,181,150,1,-1,-1,-1
1966,256,614,164,184,151,1,-1,-1,-1
1967,256,612,174,188,149,1,-1,-1,-1
1968,256,609,174,192,153,1,-1,-1,-1
1969,256,608,175,193,156,1,-1,-1,-1
1970,256,608,178,193,157,1,-1,-1,-1
1971,256,602,181,190,157,1,-1,-1,-1
1972,256,602,186,191,158,1,-1,-1,-1
1973,256,602,189,190,161,1,-1,-1,-1
1974,256,603,192,188,166,1,-1,-1,-1
1975,256,604,194,187,167,1,-1,-1,-1
1976,256,599,199,197,173,1,-1,-1,-1
1977,256,598,201,198,172,1,-1,-1,-1
1978,256,597,204,199,171,1,-1,-1,-1
1979,256,597,208,199,171,1,-1,-1,-1
1980,256,596,213,200,171,1,-1,-1,-1
1981,256,596,218,201,172,1,-1,-1,-1
1982,256,593,222,206,173,1,-1,-1,-1
1983,256,591,225,210,173,1,-1,-1,-1
1984,256,590,227,213,173,1,-1,-1,-1
1985,256,586,231,222,186,1,-1,-1,-1
1986,256,588,234,217,183,1,-1,-1,-1
1987,256,588,240,215,181,1,-1,-1,-1
1988,256,586,245,219,184,1,-1,-1,-1
1989,256,580,250,228,186,1,-1,-1,-1
1990,256,575,255,235,186,1,-1,-1,-1
1991,256,573,266,239,188,1,-1,-1,-1
1992,256,572,266,241,194,1,-1,-1,-1
1993,256,568,272,246,194,1,-1,-1,-1
1994,256,564,270,244,214,1,-1,-1,-1
1995,256,562,275,244,219,1,-1,-1,-1
1996,256,560,297,247,209,1,-1,-1,-1
1997,256,554,303,251,211,1,-1,-1,-1
1998,256,549,312,257,211,1,-1,-1,-1
1999,256,544,321,264,214,1,-1,-1,-1
2000,256,541,331,268,218,1,-1,-1,-1
2001,256,538,338,271,226,1,-1,-1,-1
2002,256,536,341,272,236,1,-1,-1,-1
2003,256,533,365,277,229,1,-1,-1,-1
2004,256,529,376,283,229,1,-1,-1,-1
2005,256,526,390,289,228,1,-1,-1,-1
2006,256,513,401,294,230,1,-1,-1,-1
2007,256,508,407,301,241,1,-1,-1,-1
2008,256,507,426,306,245,1,-1,-1,-1
2009,256,503,439,313,242,1,-1,-1,-1
2010,256,498,456,320,241,1,-1,-1,-1
2011,256,494,467,324,251,1,-1,-1,-1
2012,256,488,472,333,265,1,-1,-1,-1
2013,256,489,497,331,265,1,-1,-1,-1
2014,256,481,511,343,272,1,-1,-1,-1
2015,256,473,523,353,285,1,-1,-1,-1
2016,256,468,559,354,282,1,-1,-1,-1
2017,256,461,571,356,289,1,-1,-1,-1
2018,256,452,584,364,304,1,-1,-1,-1
2019,256,440,621,367,306,1,-1,-1,-1
2020,256,427,633,374,320,1,-1,-1,-1
2021,256,408,646,415,350,1,-1,-1,-1
2022,256,396,674,421,349,1,-1,-1,-1
2023,256,377,709,404,334,1,-1,-1,-1
2024,256,347,743,443,310,1,-1,-1,-1
2050,255,1127,747,392,331,1,-1,-1,-1
2051,255,1132,717,378,325,1,-1,-1,-1
2052,255,1131,692,375,334,1,-1,-1,-1
2053,255,1129,666,363,296,1,-1,-1,-1
2054,255,1125,646,357,306,1,-1,-1,-1
2055,255,1118,625,355,307,1,-1,-1,-1
2056,255,1104,597,359,299,1,-1,-1,-1
2057,255,1098,582,355,294,1,-1,-1,-1
2058,255,1091,565,353,287,1,-1,-1,-1
2059,255,1070,559,355,274,1,-1,-1,-1
2060,255,1072,525,337,275,1,-1,-1,-1
2061,255,1067,508,328,272,1,-1,-1,-1
2062,255,1058,490,325,275,1,-1,-1,-1
2063,255,1043,473,324,266,1,-1,-1,-1
2064,255,1036,468,316,256,1,-1,-1,-1
2065,255,1021,459,313,248,1,-1,-1,-1
2066,255,1020,440,306,253,1,-1,-1,-1
2067,255,1015,428,301,253,1,-1,-1,-1
2068,255,1004,406,300,246,1,-1,-1,-1
2069,255,1000,401,291,238,1,-1,-1,-1
2070,255,993,391,285,233,1,-1,-1,-1
2071,255,988,380,276,229,1,-1,-1,-1
2072,255,982,369,271,229,1,-1,-1,-1
2073,255,972,364,266,221,1,-1,-1,-1
2074,255,969,343,265,229,1,-1,-1,-1
2075,255,967,339,263,226,1,-1,-1,-1
2076,255,964,333,262,221,1,-1,-1,-1
2077,255,963,324,259,218,1,-1,-1,-1
2078,255,962,316,254,215,1,-1,-1,-1
2079,255,960,310,251,210,1,-1,-1,-1
2080,255,959,305,248,206,1,-1,-1,-1
2081,255,958,303,245,195,1,-1,-1,-1
2082,255,958,301,241,191,1,-1,-1,-1
2083,255,957,285,239,194,1,-1,-1,-1
2084,255,959,276,231,199,1,-1,-1,-1
2085,255,959,273,215,192,1,-1,-1,-1
2086,255,959,269,213,188,1,-1,-1,-1
2087,255,959,267,214,185,1,-1,-1,-1
2088,255,959,255,207,185,1,-1,-1,-1
2089,255,960,251,205,185,1,-1,-1,-1
2090,255,963,248,200,181,1,-1,-1,-1
2091,255,963,244,199,175,1,-1,-1,-1
2092,255,962,241,201,171,1,-1,-1,-1
2093,255,959,239,204,169,1,-1,-1,-1
2094,255,965,226,192,175,1,-1,-1,-1
2095,255,964,221,193,179,1,-1,-1,-1
2096,255,963,217,191,176,1,-1,-1,-1
2097,255,963,213,190,172,1,-1,-1,-1
2098,255,963,210,188,167,1,-1,-1,-1
2099,255,961,208,190,163,1,-1,-1,-1
2100,255,959,206,190,162,1,-1,-1,-1
2101,255,957,205,191,160,1,-1,-1,-1
2102,255,963,192,182,169,1,-1,-1,-1
2103,255,960,190,183,169,1,-1,-1,-1
2104,255,957,186,184,168,1,-1,-1,-1
2105,255,954,183,185,161,1,-1,-1,-1
2106,255,952,181,184,154,1,-1,-1,-1
2107,255,952,180,181,150,1,-1,-1,-1
2108,255,951,180,179,146,1,-1,-1,-1
2109,255,950,179,177,143,1,-1,-1,-1
2110,255,951,180,174,138,1,-1,-1,-1
2111,255,951,168,171,138,1,-1,-1,-1
2112,255,940,163,178,140,1,-1,-1,-1
2113,255,939,159,179,142,1,-1,-1,-1
2114,255,939,155,176,140,1,-1,-1,-1
2115,255,936,154,175,138,1,-1,-1,-1
2116,255,934,153,172,134,1,-1,-1,-1
2117,255,932,153,170,132,1,-1,-1,-1
2118,255,933,152,164,132,1,-1,-1,-1
2119,255,932,151,160,132,1,-1,-1,-1
2120,255,931,150,157,132,1,-1,-1,-1
2121,255,928,148,156,132,1,-1,-1,-1
2122,255,926,147,154,131,1,-1,-1,-1
2123,255,926,146,150,131,1,-1,-1,-1
2124,255,925,142,149,120,1,-1,-1,-1
2125,255,918,138,150,125,1,-1,-1,-1
2126,255,917,136,151,125,1,-1,-1,-1
2127,255,917,136,149,123,1,-1,-1,-1
2128,255,916,133,148,122,1,-1,-1,-1
2129,255,915,130,147,123,1,-1,-1,-1
2130,255,913,126,146,124,1,-1,-1,-1
2131,255,912,123,145,125,1,-1,-1,-1
2132,255,910,120,145,125,1,-1,-1,-1
2133,255,909,116,144,126,1,-1,-1,-1
2134,255,907,113,143,127,1,-1,-1,-1
2135,255,906,109,142,128,1,-1,-1,-1
2136,255,904,106,141,128,1,-1,-1,-1
2137,255,903,102,140,129,1,-1,-1,-1
2138,255,901,99,140,130,1,-1,-1,-1
2139,255,900,96,139,131,1,-1,-1,-1
2140,255,898,92,138,131,1,-1,-1,-1
2141,255,896,100,148,128,1,-1,-1,-1
